1654127705529995,d0,d1,d2,d3
24684,0.0,0.0,0.0001221895363556786,0.00023543837492923437
58479,0.007432700089538108,0.0,0.0001382827923634997,1.4305116451396519e-05
477136,0.33635024265649827,7.271767529459897e-05,1.7881395564245649e-06,5.006790757988782e-05
502349,0.25916102637780025,7.390976833221536e-05,6.139279143724339e-05,4.8875814542271444e-05
525266,0.21088960300560033,8.106232655791361e-05,7.510186136983173e-05,5.662441928677789e-05
549597,0.18736364690824114,8.583069870837911e-05,8.940697782122825e-05,5.960465188081883e-05
573204,0.17298044836288076,8.16583730767218e-05,7.450581485102354e-05,5.662441928677789e-05
597300,0.16553582734296649,8.344651263314637e-05,8.583069870837911e-05,6.198883795605158e-05
621298,0.1611828996161103,7.212162877579079e-05,7.450581485102354e-05,4.947186106107963e-05
681671,0.22179367802067734,9.775162908454289e-05,7.212162877579079e-05,7.68900009262563e-05
714160,0.17774643632727102,6.318093099366796e-05,8.702279174599549e-05,6.914139618174985e-05
747764,0.16203226590541195,5.0663954098696003e-05,7.271767529459897e-05,7.15255822569826e-05
781689,0.14542939012400985,3.57627911284913e-05,7.68900009262563e-05,6.61611635877089e-05
817558,0.1459694082700501,4.410744239180594e-05,7.390976833221536e-05,6.61611635877089e-05
852848,0.14407338429372124,7.68900009262563e-05,0.00011146069901713121,6.198883795605158e-05
885581,0.14733673898419605,7.271767529459897e-05,6.61611635877089e-05,5.662441928677789e-05
918308,0.14639915781011079,7.331372181340716e-05,5.0663954098696003e-05,7.271767529459897e-05
950145,0.14354588312457597,4.4703488910614124e-05,4.410744239180594e-05,7.033348921936622e-05
983205,0.1443398170876285,6.556511706890072e-05,3.993511676014862e-05,6.258488447485978e-05
1017094,0.1483285603914929,4.947186106107963e-05,5.12600006175042e-05,6.437302403128434e-05
1048577,0.14360131545082516,5.7220465805586076e-05,6.973744270055803e-05,6.198883795605158e-05
1081653,0.14563264198692347,6.675721010651709e-05,6.794930314413346e-05,6.258488447485978e-05
1114125,0.14502169430514505,6.198883795605158e-05,7.808209396387267e-05,7.450581485102354e-05
1146757,0.1450389796541905,4.827976802346325e-05,5.781651232439426e-05,5.006790757988782e-05
1181325,0.14478327569762178,6.437302403128434e-05,6.735325662532528e-05,3.278255853445036e-05
1216098,0.14366092010270598,4.947186106107963e-05,6.377697751247615e-05,5.424023321154514e-05
1251375,0.14307083404908585,6.61611635877089e-05,6.675721010651709e-05,6.079674491843521e-05
1285660,0.14546932524077,5.8412558843202456e-05,8.106232655791361e-05,8.046628003910541e-05
1317091,0.1423889568315693,6.198883795605158e-05,6.496907055009252e-05,5.662441928677789e-05
1350036,0.14493288337384264,4.529953542942231e-05,5.960465188081883e-05,4.0531163278956804e-05
1382508,0.1445943289511596,6.675721010651709e-05,6.139279143724339e-05,4.291534935418956e-05
1415066,0.144521611275865,5.0663954098696003e-05,5.60283727679697e-05,8.046628003910541e-05
1447659,0.1447117501153648,6.318093099366796e-05,6.735325662532528e-05,5.781651232439426e-05
1481117,0.14236511497081697,6.61611635877089e-05,4.649162846703869e-05,7.09295357381744e-05
1516517,0.14465572174259683,5.12600006175042e-05,4.8875814542271444e-05,5.006790757988782e-05
1553817,0.14618338897030222,7.927418700148904e-05,0.00015020372273966346,5.006790757988782e-05
1586345,0.14136256472618158,0.00010907651294189845,0.0,6.973744270055803e-05
1619414,0.1441937856905205,7.15255822569826e-05,4.708767498584688e-05,5.543232624916151e-05
1651939,0.14425637057499535,4.649162846703869e-05,7.212162877579079e-05,5.245209365512057e-05
1684568,0.14489533244315772,5.1856047136312383e-05,8.16583730767218e-05,4.708767498584688e-05
1717128,0.14469863709195102,7.510186136983173e-05,6.794930314413346e-05,4.649162846703869e-05
1748952,0.14277042660360653,4.529953542942231e-05,9.953976864096744e-05,5.0663954098696003e-05
1782969,0.14343978684422812,4.8875814542271444e-05,7.569790788863991e-05,5.900860536201064e-05
1819603,0.14799537038747912,5.543232624916151e-05,9.953976864096744e-05,9.71555825657347e-05
1853866,0.1416319777526829,5.424023321154514e-05,0.00010132790819739201,5.364418669273695e-05
1888841,0.14705302084124336,4.58955819482305e-05,0.00012993814110018505,4.7683721504655064e-05
1920447,0.14258267195018196,6.735325662532528e-05,0.00010848046642309027,5.483627973035332e-05
1953686,0.14473857220871117,5.8412558843202456e-05,0.00010430814079143295,2.56300003087521e-05
1986922,0.14340760033221248,6.914139618174985e-05,7.808209396387267e-05,5.8412558843202456e-05
2035650,0.1825499752223462,5.006790757988782e-05,8.642674522718731e-05,5.781651232439426e-05
2068626,0.15896083819399334,8.225441959552998e-05,8.285046611433817e-05,6.61611635877089e-05
2103748,0.14403642940955513,5.304814017392876e-05,7.15255822569826e-05,6.914139618174985e-05
2139533,0.14142634170369406,6.675721010651709e-05,9.357930345288556e-05,6.556511706890072e-05
2176095,0.14340640823917486,7.748604744506448e-05,8.106232655791361e-05,5.364418669273695e-05
2208044,0.14074208030010227,6.377697751247615e-05,6.735325662532528e-05,2.9206279421601228e-05
2241531,0.14100493681489668,6.377697751247615e-05,7.15255822569826e-05,7.62939544074481e-05
2274492,0.141740458219106,6.556511706890072e-05,7.15255822569826e-05,6.914139618174985e-05
2307478,0.14197768473359165,8.404255915195455e-05,7.62939544074481e-05,5.8412558843202456e-05
2340508,0.14233590869139537,7.510186136983173e-05,7.212162877579079e-05,5.245209365512057e-05
2372778,0.14073910006750823,9.65595360469265e-05,6.735325662532528e-05,6.377697751247615e-05
2423704,0.1878267750533551,6.794930314413346e-05,6.854534966294166e-05,5.8412558843202456e-05
2457783,0.16433300546801155,6.437302403128434e-05,6.079674491843521e-05,6.437302403128434e-05
2491409,0.14893235551504558,5.1856047136312383e-05,7.62939544074481e-05,5.304814017392876e-05
2527758,0.14775099131476777,7.808209396387267e-05,5.781651232439426e-05,7.569790788863991e-05
2563470,0.1437276773128125,7.15255822569826e-05,7.271767529459897e-05,5.8412558843202456e-05
2597057,0.14268936427704862,7.68900009262563e-05,5.006790757988782e-05,6.496907055009252e-05
2629993,0.1427024773004624,6.735325662532528e-05,6.258488447485978e-05,5.483627973035332e-05
2662189,0.14128209844614248,8.761883826480368e-05,5.8412558843202456e-05,7.033348921936622e-05
2695058,0.1419449021750572,6.198883795605158e-05,4.8875814542271444e-05,5.662441928677789e-05
2729184,0.1452499801218486,5.245209365512057e-05,5.006790757988782e-05,4.3511395872997744e-05
2760994,0.14109136356012386,6.318093099366796e-05,5.543232624916151e-05,6.198883795605158e-05
2794345,0.14360667986949444,6.794930314413346e-05,6.735325662532528e-05,6.496907055009252e-05
2827263,0.14388443754725905,6.675721010651709e-05,7.62939544074481e-05,6.735325662532528e-05
2860240,0.14400245475798307,5.8412558843202456e-05,8.16583730767218e-05,3.993511676014862e-05
2893198,0.1438945703380788,6.0200698399627016e-05,6.735325662532528e-05,5.900860536201064e-05
2925452,0.14254035264734657,7.748604744506448e-05,8.225441959552998e-05,4.8875814542271444e-05
2958552,0.1434606484723864,5.424023321154514e-05,1.2516976894971954e-05,2.56300003087521e-05
2992691,0.14932872645005302,7.09295357381744e-05,0.0,4.827976802346325e-05
3024270,0.14474453267389925,5.960465188081883e-05,6.258488447485978e-05,8.16583730767218e-05
3057955,0.1441800766205879,0.0001019239547162002,3.3378605053258545e-05,6.139279143724339e-05
3090528,0.14615477873739943,6.854534966294166e-05,7.510186136983173e-05,7.09295357381744e-05
3123138,0.14613272501620353,5.8412558843202456e-05,9.775162908454289e-05,7.510186136983173e-05
3155538,0.145773905011881,7.390976833221536e-05,6.258488447485978e-05,6.914139618174985e-05
3187356,0.1440185480139909,6.139279143724339e-05,8.225441959552998e-05,7.68900009262563e-05
3219823,0.1450181180260322,4.0531163278956804e-05,9.417534997169375e-05,6.61611635877089e-05
3253358,0.14807166434188657,4.58955819482305e-05,9.298325693407738e-05,7.450581485102354e-05
3284793,0.14363052173024676,5.781651232439426e-05,7.15255822569826e-05,6.437302403128434e-05
3317871,0.14579059431440763,5.424023321154514e-05,6.973744270055803e-05,6.675721010651709e-05
3350840,0.1458966905947555,8.583069870837911e-05,5.60283727679697e-05,6.61611635877089e-05
3387087,0.19393744396417664,7.15255822569826e-05,6.496907055009252e-05,7.867814048268086e-05
3420524,0.15099586856315952,6.854534966294166e-05,6.198883795605158e-05,3.099441897802579e-05
3453759,0.14963569040723926,4.827976802346325e-05,9.894372212215926e-05,5.0663954098696003e-05
3486911,0.14867665155847687,7.867814048268086e-05,8.344651263314637e-05,7.09295357381744e-05
3519562,0.1454627687290631,7.390976833221536e-05,6.377697751247615e-05,5.7220465805586076e-05
3552708,0.1475423750331849,8.16583730767218e-05,5.7220465805586076e-05,5.006790757988782e-05
3587240,0.15071989902495134,6.198883795605158e-05,7.450581485102354e-05,4.3511395872997744e-05
3619548,0.14705123270168693,6.139279143724339e-05,5.662441928677789e-05,5.60283727679697e-05
3653325,0.14869214876796588,5.7220465805586076e-05,6.139279143724339e-05,4.708767498584688e-05
3687015,0.14839829783419345,0.00011265279205474759,5.1856047136312383e-05,5.781651232439426e-05
3720467,0.14949681156835695,0.00011742116420521309,5.60283727679697e-05,6.377697751247615e-05
3754088,0.14933289877568467,9.536744300931013e-05,1.7285349045437462e-05,6.61611635877089e-05
3786889,0.1475131687537633,9.596348952811832e-05,7.271767529459897e-05,5.424023321154514e-05
3820128,0.14749409526516144,5.483627973035332e-05,6.258488447485978e-05,5.781651232439426e-05
3854215,0.15022696855389697,5.245209365512057e-05,4.4703488910614124e-05,7.271767529459897e-05
3886384,0.14587702105963482,3.933907024134043e-05,5.7220465805586076e-05,5.781651232439426e-05
3923141,0.14338614265753538,4.410744239180594e-05,7.987023352029724e-05,7.09295357381744e-05
3959562,0.14320315637626127,3.397465157206673e-05,4.7683721504655064e-05,6.258488447485978e-05
3995192,0.14465154941696517,6.079674491843521e-05,2.9206279421601228e-05,7.331372181340716e-05
4028643,0.14580549547737784,5.0663954098696003e-05,5.7220465805586076e-05,5.1856047136312383e-05
4062074,0.14359952731126874,3.3378605053258545e-05,0.0,5.8412558843202456e-05
4116093,0.19748034447197252,0.00012815000154376048,0.0,5.60283727679697e-05
4151725,0.17330946604126288,0.00011980535028044585,6.198883795605158e-05,7.68900009262563e-05
4184193,0.19354703349435728,4.947186106107963e-05,7.987023352029724e-05,6.258488447485978e-05
4218053,0.15032770041557555,3.993511676014862e-05,9.894372212215926e-05,5.424023321154514e-05
4251444,0.1471001085162292,5.245209365512057e-05,0.00010013581515977563,6.198883795605158e-05
4285662,0.14657677967271562,8.523465218957092e-05,6.318093099366796e-05,5.900860536201064e-05
4319410,0.14611305548108286,6.377697751247615e-05,5.543232624916151e-05,5.781651232439426e-05
4352343,0.1440495424329689,6.258488447485978e-05,7.62939544074481e-05,5.006790757988782e-05
4385645,0.1445144587176393,6.496907055009252e-05,9.775162908454289e-05,6.258488447485978e-05
4420037,0.14729084340224782,6.079674491843521e-05,0.00010311604775381657,6.079674491843521e-05
4452277,0.14379503056943782,5.12600006175042e-05,9.000302434003643e-05,3.6358837647299484e-05
4486065,0.14534296337878266,6.735325662532528e-05,5.483627973035332e-05,6.735325662532528e-05
4519323,0.14496864616497113,5.0663954098696003e-05,5.424023321154514e-05,4.58955819482305e-05
4553514,0.14498593151401656,7.09295357381744e-05,1.1920930376163766e-05,5.7220465805586076e-05
4587104,0.14753045410280874,7.510186136983173e-05,0.039060120470538195,6.496907055009252e-05
4619934,0.143169777771208,6.258488447485978e-05,8.583069870837911e-05,5.304814017392876e-05
4653211,0.14377595708083596,4.8875814542271444e-05,7.987023352029724e-05,6.0200698399627016e-05
4687717,0.14714063967950816,5.483627973035332e-05,9.596348952811832e-05,6.377697751247615e-05
4719958,0.14303387916491975,6.079674491843521e-05,9.059907085884462e-05,5.12600006175042e-05
4753666,0.1449811631418661,4.947186106107963e-05,8.16583730767218e-05,6.61611635877089e-05
4786920,0.14515878500447094,6.61611635877089e-05,6.854534966294166e-05,4.827976802346325e-05
4820293,0.1448273831400136,4.7683721504655064e-05,7.748604744506448e-05,7.569790788863991e-05
4853674,0.1455068761714549,7.09295357381744e-05,3.814697720372405e-05,5.0663954098696003e-05
4887749,0.1466399606037093,8.106232655791361e-05,2.3245814233519345e-05,4.947186106107963e-05
4921453,0.14571787663911304,6.496907055009252e-05,2.741813986517666e-05,4.827976802346325e-05
4954506,0.14489592848967653,7.510186136983173e-05,1.370906993258833e-05,2.3841860752327532e-05
4988244,0.14616431548170036,7.808209396387267e-05,2.145767467709478e-05,6.675721010651709e-05
5024523,0.1497036397103834,6.794930314413346e-05,0.0,6.139279143724339e-05
5062599,0.09237826971748707,9.894372212215926e-05,0.0,3.874302372253224e-05
5095637,0.1289296303903616,0.0001019239547162002,0.0,1.0132790819739201e-05
5121335,0.148132461086805,6.973744270055803e-05,0.0,5.424023321154514e-05
5146174,0.15363635464147982,7.15255822569826e-05,2.801418638398485e-05,7.748604744506448e-05
5170870,0.1951635116533651,6.437302403128434e-05,7.09295357381744e-05,5.483627973035332e-05
5194827,0.19422414233972338,7.510186136983173e-05,5.364418669273695e-05,3.874302372253224e-05
5219552,0.15703739607779932,6.675721010651709e-05,6.0200698399627016e-05,4.8875814542271444e-05
5245310,0.1614248945027464,8.344651263314637e-05,4.58955819482305e-05,6.914139618174985e-05
5268886,0.15769721957412,6.735325662532528e-05,5.8412558843202456e-05,5.8412558843202456e-05
5294174,0.1602012109996332,8.463860567076274e-05,7.450581485102354e-05,5.662441928677789e-05
5319107,0.1596999358773155,5.245209365512057e-05,6.198883795605158e-05,5.0663954098696003e-05
5344148,0.16034783844326,7.987023352029724e-05,6.973744270055803e-05,5.543232624916151e-05
5369471,0.15981378076240788,8.225441959552998e-05,0.0,4.58955819482305e-05
5393770,0.15919746866196022,0.00011265279205474759,0.0,3.993511676014862e-05
5418643,0.1592546891277658,8.16583730767218e-05,2.741813986517666e-05,4.1723256316573184e-05
5444623,0.16463877733216015,9.477139649050193e-05,8.106232655791361e-05,5.900860536201064e-05
5468231,0.1591611098243129,7.033348921936622e-05,9.65595360469265e-05,6.079674491843521e-05
5493301,0.16104819310285962,6.973744270055803e-05,9.1791163896461e-05,6.079674491843521e-05
5517972,0.16062857635361866,8.702279174599549e-05,8.583069870837911e-05,3.6358837647299484e-05
5542837,0.1617950393909263,7.987023352029724e-05,8.940697782122825e-05,5.364418669273695e-05
5567478,0.16081692705356204,7.033348921936622e-05,0.00011146069901713121,5.483627973035332e-05
5591457,0.15919866075499783,8.225441959552998e-05,8.881093130242005e-05,4.827976802346325e-05
5616089,0.158483404932428,6.794930314413346e-05,7.62939544074481e-05,5.960465188081883e-05
5663817,0.22658648807841397,5.483627973035332e-05,5.364418669273695e-05,5.8412558843202456e-05
5687495,0.2330673018774154,8.344651263314637e-05,8.285046611433817e-05,4.410744239180594e-05
5712839,0.1761073084005485,7.748604744506448e-05,5.900860536201064e-05,7.569790788863991e-05
5737516,0.1689452134305493,8.046628003910541e-05,5.364418669273695e-05,5.12600006175042e-05
5762296,0.16544463222558883,7.450581485102354e-05,5.424023321154514e-05,6.854534966294166e-05
5787069,0.1620578959057207,5.8412558843202456e-05,7.808209396387267e-05,6.0200698399627016e-05
5818763,0.1600414705325926,7.271767529459897e-05,8.046628003910541e-05,6.496907055009252e-05
5855232,0.16441883616671993,4.4703488910614124e-05,8.702279174599549e-05,5.543232624916151e-05
5892682,0.1951712602581096,4.231930283538137e-05,0.00010609628034785751,5.60283727679697e-05
5925333,0.15160204787278747,6.198883795605158e-05,8.881093130242005e-05,5.60283727679697e-05
5959656,0.1521861734612195,7.15255822569826e-05,2.4437907271135722e-05,5.245209365512057e-05
5993437,0.1515168132205979,4.827976802346325e-05,4.529953542942231e-05,7.331372181340716e-05
6027083,0.15071155437368802,5.0663954098696003e-05,7.331372181340716e-05,4.649162846703869e-05
6061991,0.14714540805165863,9.775162908454289e-05,2.9802325940409415e-05,2.205372119590297e-05
6095313,0.14749528735819906,8.285046611433817e-05,5.304814017392876e-05,4.529953542942231e-05
6128984,0.14819921829691152,7.390976833221536e-05,6.61611635877089e-05,5.304814017392876e-05
6163710,0.15148641484813868,6.258488447485978e-05,5.900860536201064e-05,6.437302403128434e-05
6199415,0.1946103804839111,5.8412558843202456e-05,3.6358837647299484e-05,4.58955819482305e-05
6234089,0.15292586719106044,5.006790757988782e-05,2.9206279421601228e-05,5.483627973035332e-05
6266407,0.14191867612822964,6.735325662532528e-05,7.212162877579079e-05,5.7220465805586076e-05
6300334,0.13875962957854623,6.437302403128434e-05,6.079674491843521e-05,7.271767529459897e-05
6334284,0.14505090058456666,5.60283727679697e-05,6.496907055009252e-05,6.377697751247615e-05
6367713,0.14979066250212938,4.291534935418956e-05,0.00010907651294189845,6.854534966294166e-05
6400669,0.14996470808562137,5.364418669273695e-05,0.00013113023413780143,7.331372181340716e-05
6433036,0.1484161792297577,3.814697720372405e-05,0.00013411046673184236,6.854534966294166e-05
6465881,0.1499527871552452,4.708767498584688e-05,0.00012338162939329499,6.735325662532528e-05
6499953,0.19168796440219454,5.424023321154514e-05,0.00012815000154376048,5.781651232439426e-05
6532070,0.14894725667801578,6.258488447485978e-05,9.000302434003643e-05,6.854534966294166e-05
6566127,0.1921874513849558,5.006790757988782e-05,8.940697782122825e-05,5.900860536201064e-05
6599811,0.19254865557535358,7.927418700148904e-05,9.298325693407738e-05,6.496907055009252e-05
6633182,0.19372823163607497,8.881093130242005e-05,6.973744270055803e-05,6.794930314413346e-05
6666240,0.1932794086074124,6.318093099366796e-05,7.987023352029724e-05,7.748604744506448e-05
6698482,0.1517069520600977,5.662441928677789e-05,9.000302434003643e-05,6.61611635877089e-05
6731376,0.15092970739957182,6.377697751247615e-05,8.463860567076274e-05,6.258488447485978e-05
6765477,0.19406797815179563,6.0200698399627016e-05,7.212162877579079e-05,5.60283727679697e-05
6797010,0.15226365950866455,7.927418700148904e-05,7.510186136983173e-05,5.8412558843202456e-05
6829950,0.19290330325404445,6.914139618174985e-05,8.642674522718731e-05,5.424023321154514e-05
6862383,0.19240977673647128,8.821488478361187e-05,7.62939544074481e-05,6.675721010651709e-05
6894847,0.1531559411473204,6.61611635877089e-05,6.735325662532528e-05,4.708767498584688e-05
6930325,0.14735223619368507,6.914139618174985e-05,7.748604744506448e-05,6.675721010651709e-05
6967816,0.14772118898882736,5.364418669273695e-05,6.198883795605158e-05,5.1856047136312383e-05
7003704,0.1944130890861856,8.344651263314637e-05,7.987023352029724e-05,4.8875814542271444e-05
7037809,0.15840293865238889,7.09295357381744e-05,8.702279174599549e-05,6.258488447485978e-05
7069634,0.15215517904224146,6.437302403128434e-05,7.212162877579079e-05,7.09295357381744e-05
7102927,0.192491435109548,6.198883795605158e-05,6.079674491843521e-05,4.231930283538137e-05
7135926,0.15209557439036064,8.285046611433817e-05,6.794930314413346e-05,5.900860536201064e-05
7168877,0.15268864067657478,5.8412558843202456e-05,6.735325662532528e-05,6.973744270055803e-05
7201746,0.15216292764698597,7.62939544074481e-05,5.8412558843202456e-05,6.496907055009252e-05
7234080,0.14991046785240983,6.854534966294166e-05,5.304814017392876e-05,5.781651232439426e-05
7266975,0.15132607833457926,7.331372181340716e-05,4.649162846703869e-05,8.583069870837911e-05
7321494,0.20996692299448527,5.900860536201064e-05,6.437302403128434e-05,6.556511706890072e-05
7353363,0.17245771556588596,5.662441928677789e-05,5.304814017392876e-05,5.960465188081883e-05
7386604,0.1615178777596805,7.510186136983173e-05,5.960465188081883e-05,5.0663954098696003e-05
7419364,0.1942116253628284,7.212162877579079e-05,6.854534966294166e-05,5.424023321154514e-05
7452844,0.19182147882240758,5.0663954098696003e-05,6.198883795605158e-05,3.3378605053258545e-05
7486019,0.15235604671907982,7.569790788863991e-05,6.258488447485978e-05,5.7220465805586076e-05
7518238,0.14939846389275357,7.510186136983173e-05,7.927418700148904e-05,4.947186106107963e-05
7552459,0.14999927878371225,7.331372181340716e-05,0.0,3.993511676014862e-05
7586616,0.156926531425301,8.463860567076274e-05,0.0,6.794930314413346e-05
7618527,0.14971317645468432,6.079674491843521e-05,5.424023321154514e-05,7.62939544074481e-05
7651877,0.15048684483609734,5.1856047136312383e-05,6.854534966294166e-05,5.0663954098696003e-05
7684933,0.14880062923438897,6.556511706890072e-05,7.510186136983173e-05,6.258488447485978e-05
7718258,0.14864386899994242,3.695488416610768e-05,5.960465188081883e-05,7.212162877579079e-05
7751149,0.14647485571799942,5.900860536201064e-05,7.68900009262563e-05,5.424023321154514e-05
7784076,0.14478327569762178,5.8412558843202456e-05,7.450581485102354e-05,7.212162877579079e-05
7816993,0.14368774219605235,5.960465188081883e-05,7.271767529459897e-05,6.973744270055803e-05
7849267,0.14076174983522294,6.675721010651709e-05,5.781651232439426e-05,6.258488447485978e-05
7882092,0.14184476635989743,4.827976802346325e-05,7.212162877579079e-05,4.0531163278956804e-05
7916204,0.14514746012061358,6.079674491843521e-05,5.424023321154514e-05,6.0200698399627016e-05
7948118,0.1402855086666952,6.377697751247615e-05,6.258488447485978e-05,6.854534966294166e-05
7982071,0.13982893703328814,5.60283727679697e-05,4.947186106107963e-05,5.1856047136312383e-05
8015073,0.13679446420603564,6.258488447485978e-05,6.914139618174985e-05,6.556511706890072e-05
8048141,0.13351799649214702,6.079674491843521e-05,8.940697782122825e-05,8.16583730767218e-05
8081003,0.12760283083949456,4.529953542942231e-05,5.900860536201064e-05,7.331372181340716e-05
8113270,0.11767150374311253,5.662441928677789e-05,4.3511395872997744e-05,5.900860536201064e-05
8146244,0.11001886248813421,4.7683721504655064e-05,5.60283727679697e-05,5.781651232439426e-05
8180345,0.10470093544732754,5.7220465805586076e-05,8.285046611433817e-05,6.198883795605158e-05
8212252,0.09601296138917939,6.377697751247615e-05,6.079674491843521e-05,7.450581485102354e-05
8245622,0.09371400996613621,3.7550930684915864e-05,5.960465188081883e-05,4.529953542942231e-05
8278490,0.09097815644480663,4.231930283538137e-05,5.960465188081883e-05,6.556511706890072e-05
8311420,0.08868158920783868,7.569790788863991e-05,8.404255915195455e-05,6.139279143724339e-05
8344334,0.08547485893665063,3.874302372253224e-05,6.675721010651709e-05,7.331372181340716e-05
8376503,0.08018554212874676,6.0200698399627016e-05,5.7220465805586076e-05,6.258488447485978e-05
8409391,0.07546604579282352,4.529953542942231e-05,7.331372181340716e-05,5.304814017392876e-05
8443464,0.07339239995388984,6.139279143724339e-05,6.914139618174985e-05,3.814697720372405e-05
8475258,0.06913483967004296,5.483627973035332e-05,5.483627973035332e-05,4.8875814542271444e-05
8508586,0.06928742757885785,7.033348921936622e-05,8.583069870837911e-05,8.225441959552998e-05
8541500,0.06904006827355245,5.304814017392876e-05,6.914139618174985e-05,5.543232624916151e-05
8574359,0.0695020043256288,6.258488447485978e-05,6.079674491843521e-05,5.8412558843202456e-05
8607433,0.07038117294087087,6.377697751247615e-05,6.854534966294166e-05,6.079674491843521e-05
8639836,0.070200570845672,6.735325662532528e-05,6.854534966294166e-05,6.0200698399627016e-05
8672649,0.07135988132475392,6.735325662532528e-05,7.212162877579079e-05,8.344651263314637e-05
8706680,0.0738257257730634,6.079674491843521e-05,5.1856047136312383e-05,5.483627973035332e-05
8738616,0.07304609692646229,4.8875814542271444e-05,4.410744239180594e-05,7.450581485102354e-05
8771935,0.07606268835815053,6.258488447485978e-05,6.556511706890072e-05,5.543232624916151e-05
8804758,0.11538685743652075,6.854534966294166e-05,5.8412558843202456e-05,7.15255822569826e-05
8837759,0.11635841326217809,6.437302403128434e-05,4.649162846703869e-05,6.437302403128434e-05
8870788,0.07879258141429203,4.947186106107963e-05,6.198883795605158e-05,6.556511706890072e-05
8902968,0.07848800164318104,7.15255822569826e-05,4.947186106107963e-05,6.198883795605158e-05
8935839,0.07880986676333747,5.781651232439426e-05,3.695488416610768e-05,6.139279143724339e-05
8970277,0.08151532191220782,5.0663954098696003e-05,6.318093099366796e-05,4.4703488910614124e-05
9023027,0.1098799836492519,6.794930314413346e-05,6.0200698399627016e-05,7.62939544074481e-05
9057524,0.09396494555055446,7.390976833221536e-05,0.039033894423710636,6.0200698399627016e-05
9090663,0.08708358849091392,7.212162877579079e-05,0.0,4.58955819482305e-05
9125211,0.08516133846775752,5.12600006175042e-05,4.231930283538137e-05,6.854534966294166e-05
9158291,0.08272768053146369,3.6358837647299484e-05,9.059907085884462e-05,5.8412558843202456e-05
9191397,0.08150220888879404,5.304814017392876e-05,7.68900009262563e-05,3.814697720372405e-05
9224356,0.08275211843873483,4.649162846703869e-05,9.000302434003643e-05,7.390976833221536e-05
9256672,0.08264363797231174,5.304814017392876e-05,8.761883826480368e-05,7.271767529459897e-05
9289536,0.08342982333061973,6.675721010651709e-05,9.477139649050193e-05,5.8412558843202456e-05
9323264,0.08552433079771171,4.649162846703869e-05,6.198883795605158e-05,5.1856047136312383e-05
9354794,0.08351565402932812,6.914139618174985e-05,6.318093099366796e-05,5.364418669273695e-05
9387678,0.08464873846158248,5.006790757988782e-05,7.271767529459897e-05,4.947186106107963e-05
9420563,0.08442641311006702,4.708767498584688e-05,5.12600006175042e-05,4.410744239180594e-05
9456038,0.08316815890886294,7.15255822569826e-05,2.3245814233519345e-05,4.8875814542271444e-05
9491293,0.08255661518056574,7.212162877579079e-05,4.1723256316573184e-05,5.781651232439426e-05
9525287,0.08093119632377581,7.390976833221536e-05,2.9802325940409415e-05,4.58955819482305e-05
9557779,0.08138717191066407,6.556511706890072e-05,4.291534935418956e-05,5.424023321154514e-05
9591386,0.08204937959305997,5.245209365512057e-05,2.6822093346368475e-05,5.424023321154514e-05
9623163,0.07876933560005851,6.735325662532528e-05,3.218651201564217e-05,6.496907055009252e-05
9658897,0.11674882373199746,6.973744270055803e-05,4.0531163278956804e-05,6.973744270055803e-05
9694062,0.1156819004633308,6.079674491843521e-05,5.424023321154514e-05,6.258488447485978e-05
9728702,0.11574508139432448,5.006790757988782e-05,4.649162846703869e-05,6.0200698399627016e-05
9761254,0.11637927489033638,4.7683721504655064e-05,6.079674491843521e-05,5.543232624916151e-05
9793098,0.07598222207811142,5.12600006175042e-05,4.827976802346325e-05,4.410744239180594e-05
9826187,0.07554055160767455,6.794930314413346e-05,3.6358837647299484e-05,6.198883795605158e-05
9862678,0.07625521138372557,4.529953542942231e-05,6.139279143724339e-05,6.139279143724339e-05
9896940,0.07340849320989766,3.993511676014862e-05,7.927418700148904e-05,6.556511706890072e-05
9931792,0.07460177834055165,3.993511676014862e-05,5.1856047136312383e-05,6.377697751247615e-05
9964458,0.07467151578325221,4.58955819482305e-05,4.410744239180594e-05,6.079674491843521e-05
9997152,0.07564724393454121,6.437302403128434e-05,5.900860536201064e-05,6.914139618174985e-05
10034370,0.07126689806781984,7.390976833221536e-05,6.0200698399627016e-05,6.377697751247615e-05
10067969,0.11678577861616357,6.377697751247615e-05,0.03891885744558066,4.708767498584688e-05
10117932,0.0990420697977626,7.271767529459897e-05,0.0,5.662441928677789e-05
10147992,0.09193123482838092,0.00010013581515977563,3.695488416610768e-05,8.285046611433817e-05
10175080,0.08278430495075047,6.139279143724339e-05,5.483627973035332e-05,6.854534966294166e-05
10203548,0.08019269468697246,5.006790757988782e-05,7.15255822569826e-05,6.0200698399627016e-05
10233094,0.07887841211300041,3.159046549683398e-05,6.496907055009252e-05,7.15255822569826e-05
10268476,0.07600427579930732,3.57627911284913e-05,7.271767529459897e-05,6.258488447485978e-05
10303658,0.07508994043945556,3.814697720372405e-05,9.477139649050193e-05,6.61611635877089e-05
10337360,0.07461012299181496,2.801418638398485e-05,6.0200698399627016e-05,5.1856047136312383e-05
10369870,0.0759291739379375,3.099441897802579e-05,7.569790788863991e-05,4.8875814542271444e-05
10403488,0.0782305095470559,4.7683721504655064e-05,8.225441959552998e-05,5.543232624916151e-05
10435480,0.07603228998569131,4.649162846703869e-05,7.212162877579079e-05,5.483627973035332e-05
10471175,0.07618606998754382,6.198883795605158e-05,7.331372181340716e-05,4.708767498584688e-05
10506394,0.07559181160829205,6.258488447485978e-05,7.927418700148904e-05,4.291534935418956e-05
10541074,0.07540107672227343,5.483627973035332e-05,6.496907055009252e-05,4.947186106107963e-05
10574521,0.11569084116111292,5.424023321154514e-05,5.60283727679697e-05,6.079674491843521e-05
10610375,0.08163214702989424,5.960465188081883e-05,7.331372181340716e-05,4.1723256316573184e-05
10642913,0.07980347631019072,5.900860536201064e-05,6.139279143724339e-05,9.059907085884462e-05
10674758,0.07851243955045217,4.827976802346325e-05,3.874302372253224e-05,6.854534966294166e-05
10707162,0.07909358490629016,4.58955819482305e-05,4.529953542942231e-05,5.0663954098696003e-05
10767719,0.11391104625595168,4.947186106107963e-05,3.933907024134043e-05,5.304814017392876e-05
10801903,0.09149731296268857,3.4570698090874925e-05,4.410744239180594e-05,5.1856047136312383e-05
10837664,0.08521259846837502,6.377697751247615e-05,5.424023321154514e-05,5.900860536201064e-05
10872917,0.08221806075788268,5.006790757988782e-05,5.60283727679697e-05,6.437302403128434e-05
10908226,0.08201421284845029,5.006790757988782e-05,7.15255822569826e-05,5.60283727679697e-05
10943165,0.08056522376122757,5.12600006175042e-05,7.569790788863991e-05,5.960465188081883e-05
10975334,0.08087039957885737,4.231930283538137e-05,5.245209365512057e-05,6.914139618174985e-05
11007941,0.08305073774465772,7.748604744506448e-05,6.437302403128434e-05,7.271767529459897e-05
11041584,0.08621991708516086,4.112720979776499e-05,9.000302434003643e-05,8.642674522718731e-05
11073089,0.08500577032634858,4.7683721504655064e-05,9.1791163896461e-05,6.914139618174985e-05
11106079,0.08763254733473627,3.397465157206673e-05,0.00011622907116759672,6.258488447485978e-05
11138450,0.08872390851067406,3.814697720372405e-05,9.775162908454289e-05,8.106232655791361e-05
11173738,0.0878751382678912,5.781651232439426e-05,8.702279174599549e-05,6.854534966294166e-05
11209006,0.08876980409262229,3.933907024134043e-05,8.940697782122825e-05,5.304814017392876e-05
11243300,0.08789063547738021,4.827976802346325e-05,8.940697782122825e-05,6.079674491843521e-05
11275710,0.09015501620233252,5.364418669273695e-05,8.523465218957092e-05,3.099441897802579e-05
11309231,0.09241582064817198,5.245209365512057e-05,6.794930314413346e-05,6.496907055009252e-05
11340549,0.08991659759480924,6.556511706890072e-05,5.960465188081883e-05,4.4703488910614124e-05
11376281,0.0898838150362748,5.424023321154514e-05,5.781651232439426e-05,6.675721010651709e-05
11411404,0.09034098271620068,5.12600006175042e-05,6.437302403128434e-05,5.960465188081883e-05
11446733,0.09089769016476752,5.304814017392876e-05,5.364418669273695e-05,5.1856047136312383e-05
11482568,0.08985937712900366,4.7683721504655064e-05,7.033348921936622e-05,4.410744239180594e-05
11517575,0.08738161175031801,4.231930283538137e-05,3.814697720372405e-05,6.556511706890072e-05
11552110,0.08836449245983272,5.006790757988782e-05,6.556511706890072e-05,5.960465188081883e-05
11586083,0.09286523972335335,8.225441959552998e-05,6.377697751247615e-05,5.960465188081883e-05
11617839,0.09271026762846322,5.900860536201064e-05,4.1723256316573184e-05,6.794930314413346e-05
11651125,0.09498895346986692,7.867814048268086e-05,4.7683721504655064e-05,6.437302403128434e-05
11683919,0.09558082766304346,5.12600006175042e-05,5.900860536201064e-05,6.437302403128434e-05
11716734,0.0965660925586334,6.318093099366796e-05,7.212162877579079e-05,3.933907024134043e-05
11749523,0.09644628720835295,5.0663954098696003e-05,6.139279143724339e-05,6.973744270055803e-05
11781689,0.09519339742581813,5.662441928677789e-05,7.927418700148904e-05,6.198883795605158e-05
11814517,0.09551347440641814,4.827976802346325e-05,8.523465218957092e-05,5.364418669273695e-05
11848552,0.09820641257839353,4.291534935418956e-05,4.947186106107963e-05,5.483627973035332e-05
11880365,0.094979416725566,5.781651232439426e-05,5.781651232439426e-05,5.483627973035332e-05
11913659,0.09703339302937901,6.139279143724339e-05,5.0663954098696003e-05,5.543232624916151e-05
11946456,0.09709240163474102,5.60283727679697e-05,5.483627973035332e-05,6.079674491843521e-05
11979921,0.09697974884268627,6.854534966294166e-05,4.708767498584688e-05,4.649162846703869e-05
12012958,0.0974983093140494,5.364418669273695e-05,5.006790757988782e-05,7.331372181340716e-05
12045522,0.09575070092090379,7.033348921936622e-05,3.814697720372405e-05,3.6358837647299484e-05
12082427,0.10410190869592532,7.212162877579079e-05,2.3841860752327532e-05,7.331372181340716e-05
12115594,0.10101021540286724,5.245209365512057e-05,2.56300003087521e-05,8.225441959552998e-05
12148626,0.09966613050295478,6.914139618174985e-05,6.973744270055803e-05,8.344651263314637e-05
12181046,0.09807170606514287,5.1856047136312383e-05,8.106232655791361e-05,5.60283727679697e-05
12213996,0.09885133491174398,5.006790757988782e-05,9.119511737765281e-05,8.046628003910541e-05
12248184,0.10142327564040132,4.708767498584688e-05,7.212162877579079e-05,5.304814017392876e-05
12280146,0.09916604747367472,7.15255822569826e-05,6.556511706890072e-05,5.60283727679697e-05
12313608,0.10109783424113206,5.8412558843202456e-05,6.496907055009252e-05,5.483627973035332e-05
12346575,0.10167897959697003,5.8412558843202456e-05,0.0001019239547162002,6.258488447485978e-05
12379752,0.10189892076241025,7.15255822569826e-05,5.8412558843202456e-05,6.258488447485978e-05
12412881,0.1021933677427015,6.61611635877089e-05,6.139279143724339e-05,4.410744239180594e-05
12445292,0.10092438470415886,7.271767529459897e-05,7.15255822569826e-05,7.15255822569826e-05
12496595,0.13541759674758871,4.58955819482305e-05,5.483627973035332e-05,7.033348921936622e-05
12530799,0.11835457305366671,6.794930314413346e-05,6.973744270055803e-05,7.15255822569826e-05
12564805,0.10668219407584596,4.58955819482305e-05,6.854534966294166e-05,6.496907055009252e-05
12601410,0.10539354150218266,3.6358837647299484e-05,6.437302403128434e-05,5.483627973035332e-05
12637290,0.10286690030895475,4.827976802346325e-05,5.8412558843202456e-05,5.1856047136312383e-05
12670875,0.10499180614850595,5.0663954098696003e-05,7.68900009262563e-05,3.7550930684915864e-05
12703990,0.103773487064062,4.58955819482305e-05,7.808209396387267e-05,5.006790757988782e-05
12736337,0.10149122494354545,4.649162846703869e-05,5.304814017392876e-05,7.62939544074481e-05
12769347,0.10211886192785048,6.198883795605158e-05,7.510186136983173e-05,7.033348921936622e-05
12803647,0.10554672545751637,4.3511395872997744e-05,7.09295357381744e-05,7.033348921936622e-05
12835598,0.10301054751998752,6.973744270055803e-05,6.854534966294166e-05,6.318093099366796e-05