1654127661422306,d0,d1,d2,d3
24391,0.0,0.0,0.00047147279637727696,0.0009995700120413319
58865,0.015614630653218109,0.0,0.00013589860628826692,0.00011146069901713121
85435,0.09553672022065166,0.0,2.3245814233519345e-05,0.0
110763,0.12819172480007707,0.0,9.71555825657347e-05,1.9669535120670215e-05
135408,0.14479758081407318,0.0,0.0001221895363556786,7.569790788863991e-05
160046,0.15237273602160645,0.0,0.00017166139741675823,4.3511395872997744e-05
184766,0.1584470460947807,0.0,4.172325631657318e-06,6.079674491843521e-05
208389,0.15996517657818515,0.0,1.9669535120670215e-05,4.410744239180594e-05
232860,0.16200186753295273,0.0,0.00016987325786033366,4.3511395872997744e-05
258260,0.1677501401603389,0.0,5.960465188081883e-07,4.708767498584688e-05
281626,0.16334237615375236,0.0,0.0002920627942160123,1.3113023413780143e-05
306190,0.16674162945051543,0.0,0.00030398372459217605,1.5497209489012896e-05
329766,0.16447784477208194,0.0,5.960465188081883e-06,4.529953542942231e-05
353614,0.16503395617412997,0.00013947488540111606,0.00014424325755158158,3.6358837647299484e-05
377514,0.16439916663159926,0.00014066697843873244,0.00012099744331806223,1.847744208305384e-05
400708,0.16245545893376576,1.4901162970204707e-05,9.477139649050193e-05,1.6689302526629272e-05
424317,0.16286077056655532,1.6689302526629272e-05,0.00010550023382904933,2.9206279421601228e-05
449935,0.1668626268938335,1.4901162970204707e-05,8.463860567076274e-05,1.1920930376163766e-05
477138,0.159838218669679,1.9669535120670215e-05,7.748604744506448e-05,2.9802325940409415e-05
505983,0.1612919761290522,1.7285349045437462e-05,8.285046611433817e-05,2.3245814233519345e-05
533986,0.15959085936437362,3.0398372459217605e-05,6.973744270055803e-05,1.4901162970204707e-05
565782,0.16050161844511251,2.205372119590297e-05,3.159046549683398e-05,2.145767467709478e-05
602204,0.1686454020315888,2.205372119590297e-05,5.8412558843202456e-05,0.0
663559,0.23828092077743063,3.0398372459217605e-05,5.483627973035332e-05,3.874302372253224e-05
696735,0.22862973554488844,3.3378605053258545e-05,2.6822093346368475e-05,3.0398372459217605e-05
730955,0.1730412451077992,3.397465157206673e-05,4.649162846703869e-05,2.0861628158286592e-05
762946,0.1611477328715006,1.847744208305384e-05,4.0531163278956804e-05,2.503395378994391e-05
796390,0.15982272146019,7.748604744506448e-06,5.0663954098696003e-05,3.874302372253224e-05
829054,0.15831293562804885,2.145767467709478e-05,4.0531163278956804e-05,1.6093256007821086e-05
861668,0.15693547212308312,3.57627911284913e-05,4.1723256316573184e-05,2.3841860752327532e-05
894305,0.15692355119270696,3.933907024134043e-05,4.7683721504655064e-05,2.56300003087521e-05
926119,0.19334735791055654,3.0398372459217605e-05,5.662441928677789e-05,1.9073488601862025e-05
959460,0.19394519256892115,3.218651201564217e-05,1.9669535120670215e-05,2.0861628158286592e-05
996086,0.15810193516039076,3.695488416610768e-05,4.827976802346325e-05,1.1920930376163766e-05
1030367,0.19169094463478858,4.0531163278956804e-05,4.708767498584688e-05,3.278255853445036e-05
1065200,0.1933294765149923,3.397465157206673e-05,3.874302372253224e-05,2.56300003087521e-05
1098427,0.19297363674326382,3.933907024134043e-05,0.0,2.503395378994391e-05
1131408,0.19424440792136285,4.291534935418956e-05,3.218651201564217e-05,3.933907024134043e-05
1164639,0.19459249908834686,3.3378605053258545e-05,3.993511676014862e-05,0.03892004953861827
1197581,0.19315721907105673,5.483627973035332e-05,6.794930314413346e-05,9.536744300931013e-06
1231122,0.1946538918797841,2.741813986517666e-05,5.60283727679697e-05,2.503395378994391e-05
1265987,0.1591611098243129,3.397465157206673e-05,3.0398372459217605e-05,0.038932566515513245
1298540,0.19318940558307238,3.397465157206673e-05,2.205372119590297e-05,1.847744208305384e-05
1332630,0.15655698258363993,3.218651201564217e-05,5.0663954098696003e-05,1.370906993258833e-05
1366215,0.19469978746173233,2.145767467709478e-05,2.9802325940409415e-05,0.03904462326104918
1399872,0.19462230141428727,3.159046549683398e-05,2.145767467709478e-05,0.0
1433502,0.19453349048298485,4.410744239180594e-05,1.5497209489012896e-05,2.3245814233519345e-05
1469179,0.15856625539854233,1.6093256007821086e-05,0.00012815000154376048,2.0265581639478402e-05
1502989,0.19404056001193046,3.397465157206673e-05,0.0,2.2649767714711155e-05
1536145,0.19126834765295359,3.3378605053258545e-05,0.0,1.4901162970204707e-05
1569916,0.15212716485585748,4.4703488910614124e-05,0.0,3.278255853445036e-05
1604969,0.15649499374568387,2.0265581639478402e-05,0.0,1.788139556424565e-05
1637625,0.15103461158688206,3.695488416610768e-05,0.039047603493643224,2.503395378994391e-05
1671960,0.1928264132531182,2.8610232902793038e-05,0.0,8.344651263314636e-06
1705754,0.19356551093644034,2.3841860752327532e-05,0.038916473259505424,2.145767467709478e-05
1739599,0.19419493606030178,3.874302372253224e-05,2.56300003087521e-05,2.9206279421601228e-05
1773829,0.1571893879400954,4.231930283538137e-05,3.7550930684915864e-05,5.8412558843202456e-05
1807141,0.19472899374115393,3.3378605053258545e-05,4.7683721504655064e-05,3.933907024134043e-05
1841013,0.15698017561199373,2.6822093346368475e-05,3.874302372253224e-05,2.9206279421601228e-05
1876102,0.16105772984716055,3.874302372253224e-05,7.510186136983173e-05,3.933907024134043e-05
1909010,0.1952213281656895,5.662441928677789e-05,5.960465188081883e-05,3.3378605053258545e-05
1943339,0.15861334307352817,5.304814017392876e-05,8.046628003910541e-05,4.7683721504655064e-05
1977252,0.15810074306735314,5.483627973035332e-05,4.58955819482305e-05,5.1856047136312383e-05
2011335,0.15818240144042986,3.6358837647299484e-05,5.483627973035332e-05,2.503395378994391e-05
2045389,0.15850903493273674,3.278255853445036e-05,5.60283727679697e-05,3.3378605053258545e-05
2079601,0.15656651932794086,4.112720979776499e-05,0.0,1.1324883857355578e-05
2113827,0.1593929719201293,4.410744239180594e-05,0.0,0.0
2148839,0.1613295270597371,8.344651263314636e-06,4.291534935418956e-05,1.370906993258833e-05
2181144,0.19356610698295915,0.0,5.960465188081883e-05,6.61611635877089e-05
2214758,0.15712859119517697,0.039060716517057004,5.543232624916151e-05,3.6358837647299484e-05
2247724,0.1950103276980314,0.038909916747798534,6.318093099366796e-05,3.3378605053258545e-05
2280860,0.19443275862130627,0.03893018232943801,4.231930283538137e-05,2.8610232902793038e-05
2313988,0.19486250816136697,2.205372119590297e-05,6.854534966294166e-05,2.2649767714711155e-05
2346317,0.19289019023063067,1.847744208305384e-05,4.649162846703869e-05,4.0531163278956804e-05
2399400,0.20942690484844503,7.748604744506448e-06,4.768372150465506e-06,4.1723256316573184e-05
2433696,0.18183710358585162,4.7683721504655064e-05,0.039056544191425346,1.4305116451396519e-05
2465721,0.16365530057612665,6.198883795605158e-05,0.0,2.3841860752327532e-05
2499160,0.15962066169031403,2.503395378994391e-05,6.556511706890071e-06,2.145767467709478e-05
2532184,0.15771510096968425,8.940697782122824e-06,1.3113023413780143e-05,0.038939123027220135
2565253,0.15657128770009132,7.1525582256982596e-06,1.4305116451396519e-05,3.6358837647299484e-05
2598641,0.15639903025615576,2.3841860752327532e-05,1.1920930376163766e-05,3.516674460968311e-05
2631080,0.1934963695402586,3.218651201564217e-05,1.3113023413780143e-05,3.814697720372405e-05
2664016,0.19415440489702282,4.947186106107963e-05,0.038936142794626094,4.529953542942231e-05
2698113,0.1576978156206388,3.57627911284913e-05,1.6689302526629272e-05,2.2649767714711155e-05
2730288,0.1928991309284128,5.0663954098696003e-05,1.5497209489012896e-05,2.8610232902793038e-05
2764531,0.15689434491328536,4.0531163278956804e-05,2.801418638398485e-05,3.814697720372405e-05
2798206,0.15698852026325705,6.318093099366796e-05,1.6689302526629272e-05,2.145767467709478e-05
2849165,0.2052539831702689,3.218651201564217e-05,3.516674460968311e-05,3.814697720372405e-05
2881708,0.17470421489527402,3.099441897802579e-05,3.397465157206673e-05,1.6093256007821086e-05
2914147,0.16286434684566817,3.3378605053258545e-05,4.3511395872997744e-05,0.03893316256203205
2947053,0.15839459400112557,2.3841860752327532e-05,2.3245814233519345e-05,2.801418638398485e-05
2981186,0.15951814168907902,3.3378605053258545e-05,2.801418638398485e-05,1.370906993258833e-05
3015197,0.15883566842504362,2.6226046827560285e-05,0.0,1.788139556424565e-05
3050033,0.1612264110119833,1.9669535120670215e-05,0.039056544191425346,3.397465157206673e-05
3082635,0.1937967769857379,3.278255853445036e-05,2.9206279421601228e-05,0.0
3116055,0.15806319213666822,3.814697720372405e-05,3.6358837647299484e-05,3.218651201564217e-05
3149067,0.1573395916628351,4.1723256316573184e-05,3.6358837647299484e-05,3.278255853445036e-05
3182094,0.15765192003869058,3.278255853445036e-05,2.9206279421601228e-05,2.6226046827560285e-05
3215066,0.157523173990628,3.3378605053258545e-05,1.5497209489012896e-05,0.0
3247437,0.19448342257540496,2.6822093346368475e-05,3.516674460968311e-05,1.3113023413780143e-05
3280590,0.19501211583758782,5.0663954098696003e-05,3.57627911284913e-05,4.1723256316573184e-05
3315110,0.15806319213666822,2.205372119590297e-05,4.529953542942231e-05,1.9073488601862025e-05
3347451,0.19271197232150702,2.56300003087521e-05,2.8610232902793038e-05,1.9669535120670215e-05
3380961,0.1566505618870928,1.0132790819739201e-05,4.4703488910614124e-05,2.741813986517666e-05
3413918,0.19491496025502209,1.7285349045437462e-05,3.3378605053258545e-05,3.57627911284913e-05
3446908,0.19461336071650515,2.6822093346368475e-05,2.145767467709478e-05,2.6226046827560285e-05
3480225,0.19422891071187384,0.0389367388411449,1.072883733854739e-05,2.741813986517666e-05
3515460,0.1514083327541748,1.847744208305384e-05,2.6822093346368475e-05,3.6358837647299484e-05
3551623,0.15226902392733382,1.9669535120670215e-05,4.112720979776499e-05,9.536744300931013e-06
3588598,0.1575803944564336,4.649162846703869e-05,0.0,0.0
3621148,0.19234480766592116,5.0663954098696003e-05,0.0,3.0398372459217605e-05
3655048,0.19392552303380048,2.6822093346368475e-05,3.099441897802579e-05,3.159046549683398e-05
3688482,0.19339384953902358,2.503395378994391e-05,4.3511395872997744e-05,2.2649767714711155e-05
3721960,0.193439149074453,2.9206279421601228e-05,3.57627911284913e-05,1.6093256007821086e-05
3755406,0.193234109071983,2.3841860752327532e-05,4.112720979776499e-05,9.536744300931013e-06
3788176,0.19127251997858524,2.9802325940409415e-05,4.529953542942231e-05,1.1324883857355578e-05
3821531,0.19246103673708878,2.9206279421601228e-05,5.483627973035332e-05,0.03893137442247563
3856116,0.15696587049554234,1.6689302526629272e-05,4.112720979776499e-05,1.0132790819739201e-05
3888484,0.19128801718807426,1.9669535120670215e-05,5.781651232439426e-05,2.8610232902793038e-05
3922267,0.19319298186218523,2.2649767714711155e-05,2.9206279421601228e-05,1.1324883857355578e-05
3955537,0.19247414976050256,3.695488416610768e-05,3.933907024134043e-05,1.1920930376163766e-05
3988901,0.19251766115637556,3.993511676014862e-05,3.0398372459217605e-05,1.6093256007821086e-05
4022045,0.1946032279256854,2.0265581639478402e-05,6.854534966294166e-05,3.397465157206673e-05
4054381,0.1523405495095908,2.145767467709478e-05,8.523465218957092e-05,3.695488416610768e-05
4109588,0.19569756933421723,2.503395378994391e-05,6.139279143724339e-05,4.410744239180594e-05
4147656,0.1734346358102126,2.0861628158286592e-05,8.106232655791361e-05,3.993511676014862e-05
4182350,0.15660109002603173,2.801418638398485e-05,7.748604744506448e-05,3.4570698090874925e-05
4215814,0.15903355586928794,3.7550930684915864e-05,6.61611635877089e-05,4.58955819482305e-05
4248606,0.19509317816414573,3.57627911284913e-05,5.662441928677789e-05,3.57627911284913e-05
4281589,0.1941675179204366,3.7550930684915864e-05,4.529953542942231e-05,2.741813986517666e-05
4314555,0.19352140349404853,6.0200698399627016e-05,3.7550930684915864e-05,1.4305116451396519e-05
4346740,0.15178264996798635,1.847744208305384e-05,3.397465157206673e-05,3.3378605053258545e-05
4379554,0.15225114253176958,3.0398372459217605e-05,3.57627911284913e-05,2.3841860752327532e-05
4413571,0.1943356030387405,2.3841860752327532e-05,5.006790757988782e-05,3.099441897802579e-05
4445371,0.15062691576801726,4.410744239180594e-05,3.099441897802579e-05,5.60283727679697e-05
4478688,0.15163900275695358,3.516674460968311e-05,2.2649767714711155e-05,1.370906993258833e-05
4511582,0.15153231043008691,3.57627911284913e-05,4.291534935418956e-05,2.3841860752327532e-05
4547456,0.15928031912807455,3.57627911284913e-05,5.543232624916151e-05,2.6226046827560285e-05
4579993,0.19255580813357928,3.7550930684915864e-05,5.0663954098696003e-05,0.0
4612723,0.15161575694272006,3.3378605053258545e-05,4.827976802346325e-05,3.7550930684915864e-05
4645284,0.1504254520446601,1.5497209489012896e-05,4.529953542942231e-05,3.993511676014862e-05
4677225,0.14811577178427837,2.0265581639478402e-05,2.741813986517666e-05,1.1920930376163766e-05
4709841,0.14889599667739828,3.7550930684915864e-05,3.0398372459217605e-05,3.397465157206673e-05
4743494,0.1521808090425502,4.410744239180594e-05,2.9206279421601228e-05,1.7285349045437462e-05
4774990,0.1476359543366378,3.993511676014862e-05,2.801418638398485e-05,4.7683721504655064e-05
4808159,0.15022458436782174,2.56300003087521e-05,4.0531163278956804e-05,2.3245814233519345e-05
4840694,0.1492399155187506,1.3113023413780143e-05,1.9073488601862025e-05,3.6358837647299484e-05
4873358,0.14970006343127054,6.258488447485978e-05,7.748604744506448e-06,2.6822093346368475e-05
4906001,0.1496535718028035,4.3511395872997744e-05,3.7550930684915864e-05,2.3245814233519345e-05
4937996,0.14773609015179756,2.6226046827560285e-05,3.933907024134043e-05,0.0
4970502,0.14877023086192975,3.993511676014862e-05,4.827976802346325e-05,2.3245814233519345e-05
5004380,0.15258254439622693,3.874302372253224e-05,3.218651201564217e-05,2.384186075232753e-06
5036794,0.14426948359840913,1.4305116451396519e-05,5.0663954098696003e-05,0.0
5071941,0.14500858128173127,2.8610232902793038e-05,0.0001370906993258833,0.0
5103672,0.14745117991580722,7.033348921936622e-05,0.0,0.03892004953861827
5134652,0.14760913224329142,4.827976802346325e-05,0.0,2.3245814233519345e-05
5163395,0.1502436578564236,4.0531163278956804e-05,4.1723256316573184e-05,4.529953542942231e-05
5191385,0.14978649017649773,1.4305116451396519e-05,4.649162846703869e-05,3.218651201564217e-05
5224221,0.14561058826572756,2.0861628158286592e-05,3.7550930684915864e-05,3.993511676014862e-05
5258441,0.15007736087767612,7.748604744506448e-06,6.258488447485978e-05,5.0663954098696003e-05
5290349,0.14617921664467057,1.1920930376163766e-05,3.933907024134043e-05,3.814697720372405e-05
5323730,0.14859737737147538,3.159046549683398e-05,6.0200698399627016e-05,4.947186106107963e-05
5356801,0.14715613688899717,3.814697720372405e-05,4.3511395872997744e-05,3.516674460968311e-05
5389812,0.14762820573189328,4.291534935418956e-05,5.424023321154514e-05,2.3245814233519345e-05
5422480,0.14887692318879642,3.218651201564217e-05,2.205372119590297e-05,3.3378605053258545e-05
5454516,0.14670433362774057,3.516674460968311e-05,5.1856047136312383e-05,1.4305116451396519e-05
5487153,0.1462245161801,4.291534935418956e-05,4.410744239180594e-05,2.741813986517666e-05
5521424,0.1488018213274266,2.145767467709478e-05,3.6358837647299484e-05,2.3841860752327532e-05
5553511,0.14531912151803034,2.9802325940409415e-05,3.0398372459217605e-05,3.278255853445036e-05
5587027,0.14752330154458304,2.2649767714711155e-05,2.9206279421601228e-05,3.516674460968311e-05
5620082,0.1460278208288933,1.1920930376163766e-05,3.099441897802579e-05,0.038929586282919204
5653255,0.14659883339391153,5.12600006175042e-05,2.6822093346368475e-05,1.2516976894971954e-05
5686361,0.1464224036243443,3.933907024134043e-05,3.4570698090874925e-05,2.0861628158286592e-05
5718782,0.14326514521421732,3.993511676014862e-05,4.58955819482305e-05,2.4437907271135722e-05
5761402,0.17056407577563235,4.58955819482305e-05,3.218651201564217e-05,3.278255853445036e-05
5813045,0.19987227915194977,3.3378605053258545e-05,3.218651201564217e-05,1.5497209489012896e-05
5848001,0.16473474082168826,4.231930283538137e-05,5.1856047136312383e-05,1.3113023413780143e-05
5884304,0.15245856672031483,2.3841860752327532e-05,3.933907024134043e-05,3.516674460968311e-05
5918325,0.14574171849986536,1.788139556424565e-05,5.7220465805586076e-05,2.3841860752327532e-05
5951507,0.14370145126598494,3.278255853445036e-05,3.159046549683398e-05,2.503395378994391e-05
5984523,0.14415265848072273,3.516674460968311e-05,3.57627911284913e-05,5.364418669273695e-05
6018272,0.1452875310525335,2.4437907271135722e-05,4.8875814542271444e-05,2.2649767714711155e-05
6051845,0.1456570798941946,4.3511395872997744e-05,3.099441897802579e-05,3.0398372459217605e-05
6084979,0.1430297068392881,7.1525582256982596e-06,1.4305116451396519e-05,3.3378605053258545e-05
6118619,0.14509202779436442,2.6822093346368475e-05,1.6689302526629272e-05,2.0265581639478402e-05
6153285,0.1478702006185294,2.56300003087521e-05,1.9669535120670215e-05,3.874302372253224e-05
6185587,0.14376820847609145,4.231930283538137e-05,1.4305116451396519e-05,4.4703488910614124e-05
6219404,0.14580013105870857,3.7550930684915864e-05,3.993511676014862e-05,4.529953542942231e-05
6252747,0.14518024267914803,3.874302372253224e-05,5.0663954098696003e-05,4.827976802346325e-05
6286189,0.14539541547243778,3.814697720372405e-05,3.516674460968311e-05,2.741813986517666e-05
6319535,0.14504792035197261,3.516674460968311e-05,4.231930283538137e-05,3.7550930684915864e-05
6352269,0.14315547265475662,3.397465157206673e-05,5.364418669273695e-06,2.56300003087521e-05
6385507,0.1439327173152825,4.947186106107963e-05,1.0132790819739201e-05,3.278255853445036e-05
6419609,0.14807047224884895,3.933907024134043e-05,2.741813986517666e-05,2.6226046827560285e-05
6451600,0.14369012638212758,4.231930283538137e-05,3.218651201564217e-05,2.6822093346368475e-05
6485013,0.14550926035753017,3.814697720372405e-05,2.4437907271135722e-05,3.933907024134043e-05
6518010,0.14490725337353388,2.801418638398485e-05,2.9206279421601228e-05,4.529953542942231e-05
6551023,0.1446968489523946,3.4570698090874925e-05,5.60283727679697e-05,3.814697720372405e-05
6583879,0.1434672049840933,5.900860536201064e-05,3.3378605053258545e-05,2.8610232902793038e-05
6618714,0.1420462300832546,1.9073488601862025e-05,0.0,0.0
6652116,0.15029610995007872,3.993511676014862e-05,0.0,2.3245814233519345e-05
6686155,0.1488673864444955,3.4570698090874925e-05,3.3378605053258545e-05,3.099441897802579e-05
6718114,0.14242293148314136,2.145767467709478e-05,3.6358837647299484e-05,2.741813986517666e-05
6751521,0.14388622568681547,4.649162846703869e-05,5.304814017392876e-05,2.9206279421601228e-05
6784403,0.1426589659045894,2.741813986517666e-05,5.12600006175042e-05,2.801418638398485e-05
6819117,0.1419818570592233,4.1723256316573184e-05,5.1856047136312383e-05,2.741813986517666e-05
6855382,0.14134647147017376,2.8610232902793038e-05,6.0200698399627016e-05,3.695488416610768e-05
6890910,0.13823689678155146,3.57627911284913e-05,2.56300003087521e-05,5.960465188081883e-06
6924998,0.13646008210898425,2.4437907271135722e-05,5.424023321154514e-05,3.3378605053258545e-05
6959536,0.1406860519273343,2.56300003087521e-05,2.9206279421601228e-05,1.7285349045437462e-05
6991820,0.13823570468851384,2.801418638398485e-05,2.2649767714711155e-05,3.933907024134043e-05
7025527,0.1404899526226464,4.708767498584688e-05,2.8610232902793038e-05,2.145767467709478e-05
7058919,0.14034809355117006,1.788139556424565e-05,2.2649767714711155e-05,1.4305116451396519e-05
7092737,0.14108123076930412,2.9802325940409415e-05,3.516674460968311e-05,2.2649767714711155e-05
7126332,0.1405400205302263,4.4703488910614124e-05,0.0,2.9206279421601228e-05
7159153,0.13785900328862707,2.6822093346368475e-05,0.0,4.708767498584688e-05
7192411,0.13929130307332313,3.397465157206673e-05,0.00013411046673184236,9.536744300931013e-06
7226857,0.14259518892707693,4.0531163278956804e-05,0.039047007447124416,0.03892124163165589
7259223,0.13799788212750938,5.304814017392876e-05,0.0,0.03892541395728755
7292959,0.1404458451802546,4.3511395872997744e-05,1.5497209489012896e-05,2.9802325940409415e-05
7326221,0.13942481749353616,5.0663954098696003e-05,2.0861628158286592e-05,1.6689302526629272e-05
7359574,0.13987423656871756,3.6358837647299484e-05,1.4901162970204707e-05,8.940697782122824e-06
7392957,0.14000477075633655,2.4437907271135722e-05,3.4570698090874925e-05,2.56300003087521e-05
7425592,0.13810338236133843,2.8610232902793038e-05,1.1920930376163766e-05,2.2649767714711155e-05
7458989,0.1392454074913749,2.9802325940409415e-05,0.00013530255976945874,2.145767467709478e-05
7513095,0.18941702716553535,4.529953542942231e-05,2.801418638398485e-05,2.145767467709478e-05
7553192,0.16659798223948266,2.2649767714711155e-05,3.993511676014862e-05,0.03893137442247563
7590785,0.1519388141559141,2.801418638398485e-05,8.940697782122824e-06,4.291534935418956e-05
7624441,0.14096440565161772,1.7285349045437462e-05,4.291534935418956e-05,3.516674460968311e-05
7658464,0.13980569121905462,2.145767467709478e-05,1.0132790819739201e-05,3.278255853445036e-05
7691890,0.14057339913527955,3.933907024134043e-05,3.099441897802579e-05,3.6358837647299484e-05
7725468,0.14036001448154622,2.205372119590297e-05,2.3841860752327532e-05,3.7550930684915864e-05
7759156,0.13994874238356858,4.529953542942231e-05,2.3245814233519345e-05,3.3378605053258545e-05
7792019,0.13924719563093133,2.0861628158286592e-05,2.741813986517666e-05,4.529953542942231e-05
7825533,0.1403719354119224,2.801418638398485e-05,4.649162846703869e-05,1.2516976894971954e-05
7860295,0.14332534591261695,3.218651201564217e-05,0.038922433724693506,2.503395378994391e-05
7892848,0.1395148205178762,3.218651201564217e-05,5.960465188081883e-06,3.5762791128491298e-06
7926857,0.14132620588853428,3.695488416610768e-05,4.112720979776499e-05,2.801418638398485e-05
7960407,0.14114381565377898,4.231930283538137e-05,3.0398372459217605e-05,4.3511395872997744e-05
7993965,0.14165879984602928,2.6822093346368475e-05,3.099441897802579e-05,2.0265581639478402e-05
8027474,0.14139892356382888,2.801418638398485e-05,1.2516976894971954e-05,2.145767467709478e-05
8060560,0.14008464098985685,3.218651201564217e-05,1.9073488601862025e-05,0.0
8094421,0.14173747798651196,2.145767467709478e-05,0.03892124163165589,5.364418669273695e-05
8129895,0.1428121498599231,5.424023321154514e-05,0.0,1.5497209489012896e-05
8162691,0.1406133342520397,4.3511395872997744e-05,0.0,1.370906993258833e-05
8196672,0.14214457775885794,3.159046549683398e-05,4.0531163278956804e-05,1.788139556424565e-05
8230209,0.14118613495661436,2.503395378994391e-05,4.7683721504655064e-05,3.278255853445036e-05
8263916,0.14178993008016708,2.205372119590297e-05,2.801418638398485e-05,3.278255853445036e-05
8297580,0.1411229540256207,1.3113023413780143e-05,3.814697720372405e-05,6.079674491843521e-05
8330436,0.13942183726094212,2.4437907271135722e-05,4.231930283538137e-05,2.6226046827560285e-05
8363920,0.14059426076343784,3.993511676014862e-05,4.4703488910614124e-05,2.9802325940409415e-05
8398583,0.1433503798664069,3.5762791128491298e-06,1.2516976894971954e-05,1.4901162970204707e-05
8431116,0.1394272016796114,4.768372150465506e-06,3.278255853445036e-05,7.1525582256982596e-06
8465191,0.14217318799176074,2.503395378994391e-05,4.649162846703869e-05,2.741813986517666e-05
8498700,0.14169277449760134,1.9669535120670215e-05,4.827976802346325e-05,2.9802325940409415e-05
8532320,0.14188470147665758,2.8610232902793038e-05,4.529953542942231e-05,2.9802325940409415e-05
8566050,0.14133276240024117,2.4437907271135722e-05,3.516674460968311e-05,3.278255853445036e-05
8598942,0.13971091982256412,1.9669535120670215e-05,4.708767498584688e-05,3.57627911284913e-05
8632489,0.14122189774774285,4.0531163278956804e-05,3.218651201564217e-05,2.9206279421601228e-05
8667249,0.14379085824380616,2.6226046827560285e-05,2.2649767714711155e-05,0.038926010003806355
8699727,0.13970376726433842,2.145767467709478e-05,3.397465157206673e-05,2.6226046827560285e-05
8733810,0.1419443061285384,1.6093256007821086e-05,7.68900009262563e-05,4.58955819482305e-05
8767415,0.14131845728378978,0.0,8.046628003910541e-05,5.304814017392876e-05
8800971,0.14200093054782517,0.03892779814336278,7.212162877579079e-05,5.483627973035332e-05
8834521,0.14207245613008215,0.00014603139710800614,1.9073488601862025e-05,3.278255853445036e-05
8867436,0.1403367686673127,1.370906993258833e-05,5.60283727679697e-05,3.0398372459217605e-05
8900889,0.14178277752194138,3.159046549683398e-05,4.58955819482305e-05,2.8610232902793038e-05
8935491,0.14569820710399237,8.344651263314636e-06,4.1723256316573184e-05,3.3378605053258545e-05
8967987,0.14193298124468104,0.03891885744558066,4.947186106107963e-05,2.3245814233519345e-05
9001893,0.14435114197148585,2.6822093346368475e-05,3.695488416610768e-05,1.9073488601862025e-05
9038767,0.15193702601635767,1.847744208305384e-05,2.741813986517666e-05,3.993511676014862e-05
9073100,0.14590145896690596,4.708767498584688e-05,0.03891885744558066,3.57627911284913e-05
9105152,0.13852955562228628,4.7683721504655064e-05,2.9206279421601228e-05,2.3841860752327532e-05
9138624,0.13723911490906654,1.4305116451396519e-05,1.6689302526629272e-05,3.516674460968311e-05
9171502,0.13704897606956673,3.933907024134043e-05,4.410744239180594e-05,4.1723256316573184e-05
9213941,0.1629537538234894,1.788139556424565e-05,4.529953542942231e-05,1.788139556424565e-05
9263030,0.19005241275458487,6.556511706890071e-06,2.9206279421601228e-05,0.03894806372500226
9295404,0.15946151726979224,5.662441928677789e-05,2.3841860752327532e-05,3.814697720372405e-05
9348729,0.1877826676109633,4.410744239180594e-05,4.291534935418956e-05,3.159046549683398e-05
9385682,0.16089024077537545,4.529953542942231e-05,3.4570698090874925e-05,2.9206279421601228e-05
9420350,0.1445585661600311,2.9802325940409415e-05,4.4703488910614124e-05,1.4901162970204707e-05
9453679,0.14524044337754766,1.9073488601862025e-05,3.0398372459217605e-05,3.57627911284913e-05
9486525,0.14286639009313465,1.9669535120670215e-05,3.159046549683398e-05,3.516674460968311e-05
9519484,0.1413494517027678,1.5497209489012896e-05,1.7285349045437462e-05,3.278255853445036e-05
9552360,0.1415532996122002,3.397465157206673e-05,3.099441897802579e-05,1.6689302526629272e-05
9584618,0.1390421556284613,2.6226046827560285e-05,4.529953542942231e-05,2.205372119590297e-05
9617905,0.13991476773199651,3.516674460968311e-05,0.039030914191116595,0.0
9652694,0.14581860850079162,4.827976802346325e-05,0.0,4.0531163278956804e-05
9684702,0.14075459727699724,1.5497209489012896e-05,0.03894806372500226,2.2649767714711155e-05
9717997,0.14141680495939313,2.4437907271135722e-05,5.900860536201064e-05,3.814697720372405e-05
9750855,0.1403659749467343,3.218651201564217e-05,5.900860536201064e-05,3.0398372459217605e-05
9783772,0.14023007634044604,3.099441897802579e-05,3.993511676014862e-05,3.6358837647299484e-05
9816646,0.1402193475031075,2.9206279421601228e-05,5.12600006175042e-05,4.3511395872997744e-05
9848885,0.13860167725106207,1.3113023413780143e-05,4.947186106107963e-05,2.2649767714711155e-05
9881713,0.1400441098265779,1.5497209489012896e-05,4.4703488910614124e-05,4.3511395872997744e-05
9915723,0.14342190544866387,4.112720979776499e-05,4.410744239180594e-05,3.516674460968311e-05
9947598,0.13827087143312353,4.231930283538137e-05,3.933907024134043e-05,2.6822093346368475e-05
9980910,0.14055313355364007,3.814697720372405e-05,2.6226046827560285e-05,3.814697720372405e-05
10013746,0.14048578029701475,2.6226046827560285e-05,2.205372119590297e-05,2.3841860752327532e-05
10048739,0.14219762589903187,3.099441897802579e-05,0.0,0.0
10082902,0.1444560461587961,5.543232624916151e-05,0.0,0.0
10116093,0.14154018658878642,7.271767529459897e-05,0.0,6.437302403128434e-05
10140675,0.1931119195356273,5.960465188081883e-05,0.0,4.231930283538137e-05
10165880,0.19450368815704444,5.483627973035332e-05,2.6822093346368475e-05,2.2649767714711155e-05
10188837,0.15040220623042658,5.304814017392876e-05,4.0531163278956804e-05,4.112720979776499e-05
10213325,0.1514154853124005,5.662441928677789e-05,6.079674491843521e-05,4.291534935418956e-05
10237287,0.15133203879976734,2.56300003087521e-05,5.960465188081883e-05,5.1856047136312383e-05
10261507,0.15076221832778672,3.6358837647299484e-05,5.7220465805586076e-05,6.556511706890071e-06
10285608,0.15198768997045636,5.245209365512057e-05,4.649162846703869e-05,0.0
10308908,0.14912964691277109,3.3378605053258545e-05,0.0,4.112720979776499e-05
10332854,0.14941753738135546,6.556511706890072e-05,0.0,2.205372119590297e-05
10358111,0.15380741999237776,6.556511706890072e-05,2.145767467709478e-05,3.159046549683398e-05
10381195,0.1495516478480873,5.1856047136312383e-05,6.61611635877089e-05,1.9669535120670215e-05
10406139,0.15226425555518336,5.424023321154514e-05,5.900860536201064e-05,2.3245814233519345e-05
10430388,0.15160681624493794,4.4703488910614124e-05,5.781651232439426e-05,2.9206279421601228e-05
10457349,0.1591879319176593,4.708767498584688e-05,4.7683721504655064e-05,1.9669535120670215e-05
10481008,0.1532226983574269,3.57627911284913e-05,0.0,1.4901162970204707e-05
10506125,0.19467892583357405,9.059907085884462e-05,0.0,1.7881395564245649e-06
10530808,0.19352438372664257,4.112720979776499e-05,1.7285349045437462e-05,1.5497209489012896e-05
10555336,0.1535988037107949,5.1856047136312383e-05,5.364418669273695e-05,2.4437907271135722e-05
10580046,0.1531928960314865,4.827976802346325e-05,3.218651201564217e-05,3.397465157206673e-05
10603842,0.15206756020397666,3.099441897802579e-05,5.424023321154514e-05,3.3378605053258545e-05
10628401,0.1514226378706262,2.4437907271135722e-05,5.8412558843202456e-05,3.0398372459217605e-05
10654207,0.19521596374702022,2.0265581639478402e-05,4.291534935418956e-05,3.0398372459217605e-05
10677822,0.1519096078764925,4.0531163278956804e-05,5.006790757988782e-05,2.6226046827560285e-05
10702922,0.19321682372293755,4.7683721504655064e-05,0.0,3.3378605053258545e-05
10735426,0.17718257632047849,4.3511395872997744e-05,2.6226046827560285e-05,4.231930283538137e-05
10772990,0.20315828361013932,7.867814048268086e-05,5.12600006175042e-05,2.9802325940409415e-05
10797683,0.18066050775772424,3.933907024134043e-05,4.827976802346325e-05,2.741813986517666e-05
10821438,0.1665342052619702,6.61611635877089e-05,2.56300003087521e-05,3.159046549683398e-05
10855209,0.14877797946667426,5.960465188081883e-05,0.0,5.364418669273695e-06
10889873,0.15145601647567947,0.039053563958831305,0.0,3.6358837647299484e-05
10922421,0.14482261476786312,1.7285349045437462e-05,5.960465188081883e-05,3.7550930684915864e-05
10956364,0.14602603268933687,2.384186075232753e-06,0.00013530255976945874,2.56300003087521e-05
10989551,0.14523507895887838,1.9073488601862025e-05,4.58955819482305e-05,2.741813986517666e-05
11022758,0.14440061383254693,2.0265581639478402e-05,5.483627973035332e-05,3.933907024134043e-05
11055912,0.1439464263852151,3.874302372253224e-05,9.834767560335107e-05,0.0
11090669,0.14285864148839014,0.03893495070158848,0.0,3.3378605053258545e-05
11124622,0.14786125992074728,4.7683721504655064e-05,0.0,2.3841860752327532e-05
11159312,0.14701546991055844,6.258488447485978e-05,0.0,3.814697720372405e-05
11194246,0.14279963288302813,5.60283727679697e-05,8.463860567076274e-05,0.0