1654127517685244,d0,d1,d2,d3
24191,0.0,0.0,0.0003731251207739259,0.0005084276805433847
45453,0.0,0.0,0.00013113023413780143,0.0002181530258837969
64514,0.026445391946481697,5.60283727679697e-05,0.0,0.00010788441990428208
82491,0.07043481712756361,0.00010550023382904933,0.0,4.7683721504655064e-05
100405,0.09366692229115037,0.00010371209427262477,0.0,6.377697751247615e-05
118297,0.10650039988760947,5.781651232439426e-05,0.0,6.318093099366796e-05
136207,0.11300684368691966,1.1324883857355578e-05,0.0,6.61611635877089e-05
154226,0.11442424230864552,2.9206279421601228e-05,7.450581485102354e-05,6.496907055009252e-05
172289,0.15521945419543434,2.145767467709478e-05,0.00012099744331806223,2.56300003087521e-05
190173,0.11786283467564997,4.58955819482305e-05,4.172325631657318e-06,4.947186106107963e-05
208423,0.1186949156159062,7.450581485102354e-05,6.794930314413346e-05,6.0200698399627016e-05
226050,0.12071730145422238,8.642674522718731e-05,0.0,6.0200698399627016e-05
243673,0.12137533681098661,5.781651232439426e-05,0.03893435465506967,6.914139618174985e-05
261296,0.1217085268150004,3.099441897802579e-05,5.424023321154514e-05,5.006790757988782e-05
278720,0.12186051867729648,4.7683721504655064e-05,0.00012099744331806223,6.258488447485978e-05
296059,0.12116076006421567,3.278255853445036e-05,0.0003004074454793269,5.304814017392876e-05
313411,0.12067438610486819,2.0861628158286592e-05,0.00016212465311582722,6.079674491843521e-05
330730,0.12039603238058476,2.9206279421601228e-05,0.00012516976894971955,4.649162846703869e-05
348051,0.12031437400750804,1.4901162970204707e-05,0.000132918373694226,5.1856047136312383e-05
365368,0.12019158842463355,1.2516976894971954e-05,0.00010788441990428208,4.649162846703869e-05
382690,0.12005926609745814,1.9669535120670215e-05,0.00012159348983687042,4.8875814542271444e-05
400011,0.1199984693525397,2.9802325940409415e-05,0.00011026860597951484,8.16583730767218e-05
417323,0.1199185991190194,4.231930283538137e-05,0.00010907651294189845,4.8875814542271444e-05
434655,0.1198816442348533,4.827976802346325e-05,8.583069870837911e-05,5.364418669273695e-05
451993,0.1200860881908045,4.3511395872997744e-05,7.271767529459897e-05,3.695488416610768e-05
471221,0.1198893928395978,5.364418669273695e-05,6.139279143724339e-05,7.510186136983173e-05
494868,0.11983396051334864,5.60283727679697e-05,7.569790788863991e-05,5.304814017392876e-05
518324,0.12226702240312366,3.6358837647299484e-05,8.523465218957092e-05,7.271767529459897e-05
541678,0.12194515728296725,3.874302372253224e-05,7.927418700148904e-05,6.973744270055803e-05
565120,0.12143911378849909,3.933907024134043e-05,9.357930345288556e-05,3.57627911284913e-05
593372,0.11752070397385406,4.3511395872997744e-05,0.00010073186167858383,5.424023321154514e-05
621870,0.12086154471177396,4.3511395872997744e-05,0.00010550023382904933,6.675721010651709e-05
650513,0.12153090495239555,2.3245814233519345e-05,9.417534997169375e-05,4.0531163278956804e-05
678105,0.12214960123891845,1.6689302526629272e-05,5.543232624916151e-05,6.61611635877089e-05
704028,0.12228728798476314,5.662441928677789e-05,6.794930314413346e-05,2.8610232902793038e-05
729933,0.12171985169885775,3.874302372253224e-05,5.781651232439426e-05,6.61611635877089e-05
755838,0.12227119472875532,3.814697720372405e-05,3.814697720372405e-05,5.006790757988782e-05
781522,0.1214695121609583,4.7683721504655064e-05,5.304814017392876e-05,6.496907055009252e-05
807410,0.12204827333072106,5.960465188081883e-05,1.5497209489012896e-05,4.529953542942231e-05
832910,0.12343408148695009,6.258488447485978e-05,4.0531163278956804e-05,4.8875814542271444e-05
858409,0.12248159914989461,5.0663954098696003e-05,7.033348921936622e-05,4.708767498584688e-05
883922,0.12166441937260859,7.271767529459897e-05,6.0200698399627016e-05,5.245209365512057e-05
909394,0.12192310356177134,4.827976802346325e-05,6.377697751247615e-05,4.529953542942231e-05
934921,0.12183369658395012,4.827976802346325e-05,7.212162877579079e-05,4.410744239180594e-05
960380,0.12187899611937954,5.8412558843202456e-05,4.7683721504655064e-05,4.947186106107963e-05
985937,0.12189866565450021,3.933907024134043e-05,8.16583730767218e-05,3.933907024134043e-05
1011446,0.12189866565450021,5.364418669273695e-05,5.8412558843202456e-05,5.960465188081883e-05
1036933,0.12206198240065365,3.3378605053258545e-05,4.1723256316573184e-05,3.933907024134043e-05
1062442,0.12147487657962758,4.4703488910614124e-05,5.781651232439426e-05,5.424023321154514e-05
1087955,0.12211801077342162,6.973744270055803e-05,5.424023321154514e-05,4.291534935418956e-05
1113442,0.12117268099459183,5.60283727679697e-05,5.0663954098696003e-05,3.0398372459217605e-05
1138898,0.12185336611907079,5.424023321154514e-05,5.900860536201064e-05,5.60283727679697e-05
1164332,0.12121202006483317,3.57627911284913e-05,4.8875814542271444e-05,5.1856047136312383e-05
1189843,0.12205721402850318,4.410744239180594e-05,7.271767529459897e-05,5.8412558843202456e-05
1216980,0.12044610028816465,4.947186106107963e-05,1.0132790819739201e-05,3.218651201564217e-05
1247343,0.1232016233446149,7.510186136983173e-05,0.039056544191425346,3.4570698090874925e-05
1273371,0.1360201997781038,7.987023352029724e-05,5.245209365512057e-05,3.695488416610768e-05
1299816,0.12524367871805175,7.212162877579079e-05,9.536744300931013e-06,4.8875814542271444e-05
1325894,0.12428046754365772,5.60283727679697e-05,3.218651201564217e-05,3.57627911284913e-05
1352241,0.12298525845828753,6.556511706890072e-05,0.00012397767591210317,3.516674460968311e-05
1378764,0.12354554218596724,6.437302403128434e-05,3.218651201564217e-05,4.7683721504655064e-05
1405128,0.12315334357659144,4.649162846703869e-05,5.0663954098696003e-05,2.3245814233519345e-05
1431697,0.12150408285904918,6.437302403128434e-05,6.556511706890072e-05,5.1856047136312383e-05
1458110,0.1230996993898987,6.377697751247615e-05,6.318093099366796e-05,5.006790757988782e-05
1484647,0.12205721402850318,3.57627911284913e-05,3.099441897802579e-05,4.1723256316573184e-05
1511167,0.1230192331098596,5.304814017392876e-05,6.973744270055803e-05,1.9669535120670215e-05
1537916,0.1231503633439974,3.0398372459217605e-05,7.271767529459897e-05,4.112720979776499e-05
1565498,0.1560586876939163,6.973744270055803e-05,5.304814017392876e-05,3.993511676014862e-05
1591773,0.12166322727957098,8.344651263314637e-05,0.0,2.3245814233519345e-05
1618008,0.12149037378911659,5.245209365512057e-05,0.0,2.8610232902793038e-05
1644190,0.12278677496752441,5.60283727679697e-05,2.3245814233519345e-05,1.370906993258833e-05
1670255,0.12294949566715904,4.649162846703869e-05,0.039049987679718456,5.12600006175042e-05
1696203,0.1221019175174138,5.364418669273695e-05,3.57627911284913e-05,0.0389218376781747
1722900,0.15511812628723695,9.059907085884462e-05,2.145767467709478e-05,3.7550930684915864e-05
1747526,0.10191620611145569,7.331372181340716e-05,1.072883733854739e-05,3.218651201564217e-05
1771313,0.11433185509823025,6.914139618174985e-05,0.03891706930602423,6.914139618174985e-05
1795354,0.11812569119044437,5.960465188081883e-05,5.006790757988782e-05,1.788139556424565e-05
1819289,0.11970104213965442,4.649162846703869e-05,2.3841860752327532e-05,4.291534935418956e-05
1843212,0.12146057146317618,5.0663954098696003e-05,7.62939544074481e-05,3.278255853445036e-05
1867097,0.12076915750135869,3.397465157206673e-05,7.1525582256982596e-06,6.0200698399627016e-05
1890958,0.12214364077373037,6.556511706890072e-05,5.7220465805586076e-05,3.933907024134043e-05
1915041,0.12124480262336762,5.304814017392876e-05,3.933907024134043e-05,5.364418669273695e-05
1938761,0.12292148148077506,4.649162846703869e-05,3.695488416610768e-05,6.61611635877089e-05
1962875,0.12055338866155012,4.649162846703869e-05,6.0200698399627016e-05,4.8875814542271444e-05
1986689,0.12217403914618959,2.6226046827560285e-05,4.708767498584688e-05,5.0663954098696003e-05
2010670,0.12186111472381529,5.245209365512057e-05,8.404255915195455e-05,5.543232624916151e-05
2034523,0.12218774821612217,6.675721010651709e-05,0.000132918373694226,5.60283727679697e-05
2058465,0.12296260869057282,3.6358837647299484e-05,5.8412558843202456e-05,3.159046549683398e-05
2082484,0.12180449030452851,5.7220465805586076e-05,3.4570698090874925e-05,4.1723256316573184e-05
2106191,0.1231140045063501,4.3511395872997744e-05,4.3511395872997744e-05,4.410744239180594e-05
2131515,0.12023748400658178,5.662441928677789e-05,4.947186106107963e-05,3.814697720372405e-05
2156650,0.12303115404023576,6.735325662532528e-05,0.0,5.0663954098696003e-05
2180533,0.12399674940070503,0.0001025200012350084,0.0,2.205372119590297e-05
2198578,0.1293379222557452,8.463860567076274e-05,0.0,0.0
2216029,0.1269728096691143,8.046628003910541e-05,0.0,1.6689302526629272e-05
2233373,0.12412370730921117,6.198883795605158e-05,5.364418669273695e-05,6.079674491843521e-05
2250706,0.12226046589141677,3.278255853445036e-05,8.344651263314637e-05,5.006790757988782e-05
2268097,0.12116672052940375,1.6689302526629272e-05,9.536744300931013e-05,4.410744239180594e-05
2285472,0.12104572308608569,3.516674460968311e-05,0.00011086465249832302,5.245209365512057e-05
2302811,0.12064994819759706,4.410744239180594e-05,9.238721041526919e-05,5.1856047136312383e-05
2320142,0.12038709168280264,6.0200698399627016e-05,9.894372212215926e-05,5.960465188081883e-05
2337479,0.1201146984237073,4.7683721504655064e-05,8.940697782122825e-05,6.139279143724339e-05
2354811,0.12006463051612741,2.8610232902793038e-05,9.000302434003643e-05,5.424023321154514e-05
2372142,0.1199984693525397,4.827976802346325e-05,9.357930345288556e-05,6.079674491843521e-05
2389473,0.1200860881908045,6.258488447485978e-05,8.702279174599549e-05,4.3511395872997744e-05
2406809,0.11994303702629054,5.8412558843202456e-05,9.000302434003643e-05,3.814697720372405e-05
2424138,0.12000323772469017,4.291534935418956e-05,7.390976833221536e-05,4.827976802346325e-05
2441604,0.11996270656141121,7.331372181340716e-05,7.927418700148904e-05,6.139279143724339e-05
2459018,0.12056769377800151,5.8412558843202456e-05,7.15255822569826e-05,4.649162846703869e-05
2476353,0.1203119898214328,6.0200698399627016e-05,7.15255822569826e-05,1.5497209489012896e-05
2494173,0.11941076748499482,5.900860536201064e-05,7.09295357381744e-05,5.0663954098696003e-05
2511589,0.12003125191107415,6.139279143724339e-05,6.198883795605158e-05,4.58955819482305e-05
2528933,0.11995615004970432,5.781651232439426e-05,8.642674522718731e-05,4.708767498584688e-05
2546268,0.12020410540152852,5.7220465805586076e-05,7.748604744506448e-05,4.7683721504655064e-05
2563612,0.12021245005279184,5.662441928677789e-05,3.993511676014862e-05,3.516674460968311e-05
2580954,0.12016834261040003,4.529953542942231e-05,5.304814017392876e-05,4.291534935418956e-05
2598292,0.1201075458654816,4.0531163278956804e-05,5.12600006175042e-05,2.6822093346368475e-05
2615635,0.11994244097977173,5.364418669273695e-05,8.285046611433817e-05,4.291534935418956e-05
2632981,0.12005807400442052,4.291534935418956e-05,4.0531163278956804e-05,5.900860536201064e-05
2650322,0.12018622400596428,5.662441928677789e-05,3.0398372459217605e-05,4.3511395872997744e-05
2667835,0.12002290725981084,4.708767498584688e-05,5.8412558843202456e-05,2.6822093346368475e-05
2685496,0.12026669028600338,5.543232624916151e-05,4.0531163278956804e-05,3.57627911284913e-05
2702920,0.1189351223629859,6.198883795605158e-05,4.529953542942231e-05,3.218651201564217e-05
2720256,0.11960925097575795,6.0200698399627016e-05,4.3511395872997744e-05,3.695488416610768e-05
2737582,0.11971177097699297,5.12600006175042e-05,4.112720979776499e-05,3.397465157206673e-05
2754901,0.11981548307126559,5.8412558843202456e-05,5.662441928677789e-05,4.291534935418956e-05
2772220,0.11988045214181568,5.900860536201064e-05,6.496907055009252e-05,4.4703488910614124e-05
2789550,0.11988641260700376,6.198883795605158e-05,4.3511395872997744e-05,3.3378605053258545e-05
2807105,0.11992932795635795,9.596348952811832e-05,4.827976802346325e-05,2.3841860752327532e-05
2824513,0.12079478750166744,5.60283727679697e-05,5.781651232439426e-05,3.099441897802579e-05
2841884,0.12035430912426819,5.900860536201064e-05,4.0531163278956804e-05,3.6358837647299484e-05
2859287,0.12023331168095013,3.933907024134043e-05,4.410744239180594e-05,6.496907055009252e-05
2876917,0.11990846632819967,7.331372181340716e-05,3.695488416610768e-05,4.4703488910614124e-05
2900724,0.12025417330910841,8.821488478361187e-05,8.16583730767218e-05,4.1723256316573184e-05
2929589,0.1274967345591467,4.7683721504655064e-05,0.00010371209427262477,4.827976802346325e-05
2958272,0.12492419778397057,2.6822093346368475e-05,9.477139649050193e-05,5.1856047136312383e-05
2987001,0.12281717333998363,1.6689302526629272e-05,8.16583730767218e-05,3.516674460968311e-05
3012927,0.12524844709020222,4.291534935418956e-05,7.331372181340716e-05,5.006790757988782e-05
3038896,0.12384714172448417,3.516674460968311e-05,6.377697751247615e-05,3.516674460968311e-05
3064816,0.12248517542900746,5.8412558843202456e-05,7.271767529459897e-05,4.112720979776499e-05
3090756,0.12263776333782236,3.516674460968311e-05,6.735325662532528e-05,5.483627973035332e-05
3116623,0.12205661798198437,4.649162846703869e-05,6.437302403128434e-05,4.708767498584688e-05
3142535,0.12215913798321938,4.291534935418956e-05,5.662441928677789e-05,4.947186106107963e-05
3168459,0.12207688356362385,2.205372119590297e-05,1.7881395564245649e-06,6.854534966294166e-05
3194467,0.12198628449276501,3.7550930684915864e-05,6.556511706890072e-05,5.8412558843202456e-05
3221276,0.11994303702629054,4.7683721504655064e-05,7.033348921936622e-05,3.397465157206673e-05
3247273,0.12153090495239555,5.006790757988782e-05,0.00012040139679925403,4.947186106107963e-05
3273251,0.12210370565697022,3.159046549683398e-05,8.583069870837911e-05,6.854534966294166e-05
3299175,0.12176991960643764,1.788139556424565e-05,8.16583730767218e-05,6.914139618174985e-05
3325318,0.12251676589450429,3.814697720372405e-05,5.12600006175042e-05,1.9073488601862025e-05
3351585,0.1214695121609583,4.112720979776499e-05,3.4570698090874925e-05,4.410744239180594e-05
3377161,0.1221025135639326,3.4570698090874925e-05,7.15255822569826e-05,5.662441928677789e-05
3402717,0.12225271728667227,3.993511676014862e-05,7.212162877579079e-05,6.318093099366796e-05
3428236,0.12197674774846408,3.874302372253224e-05,8.821488478361187e-05,6.794930314413346e-05
3453722,0.12235106496227562,5.1856047136312383e-05,8.523465218957092e-05,6.318093099366796e-05
3479201,0.12163998146533746,4.529953542942231e-05,7.808209396387267e-05,8.702279174599549e-05
3506092,0.12222529914680709,5.1856047136312383e-05,8.046628003910541e-05,4.649162846703869e-05
3534264,0.12292684589944433,5.424023321154514e-05,0.00010788441990428208,5.245209365512057e-05
3562590,0.12255670101126444,5.424023321154514e-05,6.496907055009252e-05,4.58955819482305e-05
3591266,0.12356819195368195,5.900860536201064e-05,5.662441928677789e-05,3.814697720372405e-05
3617455,0.1260107905877579,6.556511706890072e-05,4.3511395872997744e-05,3.516674460968311e-05
3643566,0.12429119638099627,3.695488416610768e-05,5.781651232439426e-05,4.0531163278956804e-05
3669726,0.12372435614160969,3.933907024134043e-05,5.543232624916151e-05,3.993511676014862e-05
3695746,0.12288393055009014,7.569790788863991e-05,6.496907055009252e-05,4.410744239180594e-05
3721713,0.12288273845705253,4.58955819482305e-05,6.079674491843521e-05,6.258488447485978e-05
3747607,0.12168051262861641,5.245209365512057e-05,5.245209365512057e-05,5.1856047136312383e-05
3773569,0.12236894635783986,7.450581485102354e-05,4.7683721504655064e-05,6.854534966294166e-05
3799959,0.12217821147182124,5.006790757988782e-05,5.960465188081883e-05,2.3841860752327532e-05
3826189,0.12335003892779814,8.106232655791361e-05,3.993511676014862e-05,4.1723256316573184e-05
3852272,0.12259007961631771,5.662441928677789e-05,6.258488447485978e-05,5.245209365512057e-05
3878530,0.12207390333102981,5.424023321154514e-05,6.794930314413346e-05,5.0663954098696003e-05
3904772,0.12204529309812702,6.377697751247615e-05,2.9206279421601228e-05,4.410744239180594e-05
3930967,0.12164117355837507,4.7683721504655064e-05,5.0663954098696003e-05,4.112720979776499e-05
3957091,0.12282671008428456,7.68900009262563e-05,4.7683721504655064e-05,6.377697751247615e-05
3983368,0.1210242654114086,6.318093099366796e-05,9.536744300931013e-06,3.933907024134043e-05
4009609,0.12232424286892925,4.58955819482305e-05,3.874302372253224e-05,5.7220465805586076e-05
4035817,0.12243510752142757,5.245209365512057e-05,3.516674460968311e-05,4.58955819482305e-05
4062021,0.12263597519826594,3.57627911284913e-05,5.781651232439426e-05,4.7683721504655064e-05
4088746,0.12396933126083985,8.583069870837911e-05,4.827976802346325e-05,6.198883795605158e-05
4114776,0.12304784334276239,5.364418669273695e-05,8.642674522718731e-05,4.947186106107963e-05
4140699,0.12275935682765923,5.245209365512057e-05,8.225441959552998e-05,6.735325662532528e-05
4166609,0.12207569147058624,2.6822093346368475e-05,6.973744270055803e-05,5.304814017392876e-05
4192518,0.12236000566005774,5.781651232439426e-05,5.662441928677789e-05,4.7683721504655064e-05
4218453,0.12184084914217581,3.695488416610768e-05,6.675721010651709e-05,5.781651232439426e-05
4244361,0.12183310053743131,4.7683721504655064e-05,6.318093099366796e-05,5.662441928677789e-05
4270402,0.1224738505451501,5.364418669273695e-05,6.437302403128434e-05,5.7220465805586076e-05
4296898,0.1210099602949572,6.437302403128434e-05,7.748604744506448e-06,3.397465157206673e-05
4322942,0.12334467450912887,3.099441897802579e-05,5.662441928677789e-05,5.781651232439426e-05
4348872,0.12229682472906407,6.0200698399627016e-05,5.8412558843202456e-05,4.1723256316573184e-05
4374786,0.12265922101249946,4.410744239180594e-05,5.960465188081883e-05,4.291534935418956e-05
4400738,0.12217403914618959,5.960465188081883e-05,7.033348921936622e-05,6.258488447485978e-05
4426648,0.12234629659012515,4.4703488910614124e-05,6.675721010651709e-05,6.377697751247615e-05
4452558,0.12239815263726146,6.437302403128434e-05,7.510186136983173e-05,6.61611635877089e-05
4478457,0.12198747658580263,6.258488447485978e-05,4.112720979776499e-05,4.827976802346325e-05
4504388,0.1225316670574745,4.3511395872997744e-05,7.09295357381744e-05,6.079674491843521e-05
4530295,0.12196542286460672,6.735325662532528e-05,6.556511706890072e-05,5.006790757988782e-05
4556195,0.12262345822137097,3.993511676014862e-05,5.1856047136312383e-05,6.079674491843521e-05
4582097,0.122014298679149,6.496907055009252e-05,5.662441928677789e-05,4.231930283538137e-05
4608006,0.12224973705407823,6.496907055009252e-05,6.556511706890072e-05,4.8875814542271444e-05
4633907,0.12210728193608307,4.8875814542271444e-05,6.437302403128434e-05,5.1856047136312383e-05
4659792,0.12221039798383689,5.12600006175042e-05,4.4703488910614124e-05,6.437302403128434e-05
4685680,0.12229742077558288,4.7683721504655064e-05,4.8875814542271444e-05,5.7220465805586076e-05
4712944,0.12195230984119294,8.344651263314637e-05,0.0,5.245209365512057e-05
4739070,0.12650014477969942,6.675721010651709e-05,0.0,3.933907024134043e-05
4765310,0.12351633590654562,5.960465188081883e-05,5.12600006175042e-05,3.7550930684915864e-05
4791302,0.1238709835852365,5.364418669273695e-05,6.139279143724339e-05,3.695488416610768e-05
4817503,0.12215615775062534,3.218651201564217e-05,5.483627973035332e-05,3.6358837647299484e-05
4843503,0.1223427203110123,5.245209365512057e-05,7.748604744506448e-05,5.8412558843202456e-05
4869496,0.12270332845489126,4.529953542942231e-05,7.68900009262563e-05,5.0663954098696003e-05
4895671,0.12246192961477394,5.483627973035332e-05,5.424023321154514e-05,5.1856047136312383e-05
4921983,0.12291313682951174,7.748604744506448e-05,7.331372181340716e-05,4.3511395872997744e-05
4948094,0.1218545582121084,4.0531163278956804e-05,7.331372181340716e-05,3.993511676014862e-05
4974093,0.12282492194472813,5.60283727679697e-05,5.1856047136312383e-05,4.58955819482305e-05
5000031,0.12219430472782906,5.8412558843202456e-05,6.437302403128434e-05,5.662441928677789e-05
5026219,0.12088777075860152,4.827976802346325e-05,2.8610232902793038e-05,4.649162846703869e-05
5052224,0.12250842124324098,6.973744270055803e-05,4.291534935418956e-05,6.079674491843521e-05
5078170,0.12212873961076016,3.516674460968311e-05,6.794930314413346e-05,6.0200698399627016e-05
5104088,0.12265326054731138,5.12600006175042e-05,6.794930314413346e-05,3.6358837647299484e-05
5130037,0.12199164891143428,6.794930314413346e-05,6.854534966294166e-05,5.424023321154514e-05
5156245,0.1212728168097516,4.947186106107963e-05,0.03893197046899444,5.12600006175042e-05
5182271,0.12203992867945775,4.7683721504655064e-05,4.112720979776499e-05,4.410744239180594e-05
5208280,0.12226761844964247,5.60283727679697e-05,5.12600006175042e-05,5.781651232439426e-05
5234308,0.12162210006977321,5.1856047136312383e-05,7.987023352029724e-05,4.827976802346325e-05
5260421,0.12113572611042572,6.61611635877089e-05,5.1856047136312383e-05,4.649162846703869e-05
5286691,0.12003423214366819,7.212162877579079e-05,5.364418669273695e-05,6.198883795605158e-05
5312758,0.12080372819944957,4.231930283538137e-05,6.61611635877089e-05,3.7550930684915864e-05
5338685,0.12237729100910318,4.4703488910614124e-05,7.569790788863991e-05,4.0531163278956804e-05
5364577,0.1220953610057069,7.808209396387267e-05,5.543232624916151e-05,3.397465157206673e-05
5390489,0.12262643845396501,7.212162877579079e-05,7.510186136983173e-05,3.7550930684915864e-05
5416700,0.12086988936303728,6.318093099366796e-05,4.529953542942231e-05,4.4703488910614124e-05
5442708,0.12250484496412813,3.814697720372405e-05,4.58955819482305e-05,6.556511706890072e-05
5468632,0.12256981403467823,4.410744239180594e-05,6.675721010651709e-05,4.947186106107963e-05
5494580,0.12184382937476985,6.675721010651709e-05,6.139279143724339e-05,4.947186106107963e-05
5520474,0.12268067868717655,7.09295357381744e-05,8.702279174599549e-05,3.57627911284913e-05
5546375,0.12215913798321938,5.424023321154514e-05,7.987023352029724e-05,6.079674491843521e-05
5572282,0.12277366194411063,5.483627973035332e-05,6.794930314413346e-05,7.510186136983173e-05
5598246,0.12229265240343241,4.4703488910614124e-05,3.993511676014862e-05,2.9206279421601228e-05
5624413,0.12237609891606556,6.556511706890072e-05,4.708767498584688e-05,3.397465157206673e-05
5650424,0.12230516938032739,5.900860536201064e-05,3.159046549683398e-05,4.58955819482305e-05
5676326,0.12217582728574601,5.245209365512057e-05,6.377697751247615e-05,5.424023321154514e-05
5702230,0.12264610798908568,5.1856047136312383e-05,7.450581485102354e-05,4.0531163278956804e-05
5728208,0.1216358091397058,5.364418669273695e-05,5.12600006175042e-05,2.205372119590297e-05
5754108,0.12266041310553707,3.933907024134043e-05,4.410744239180594e-05,3.695488416610768e-05
5780006,0.12197019123675719,3.4570698090874925e-05,5.960465188081883e-05,4.947186106107963e-05
5806237,0.12266398938464992,4.0531163278956804e-05,0.0,3.6358837647299484e-05
5832690,0.12324334660093147,8.046628003910541e-05,3.695488416610768e-05,3.7550930684915864e-05
5858957,0.12433470777686927,6.198883795605158e-05,4.4703488910614124e-05,3.0398372459217605e-05
5884977,0.12410701800668454,5.483627973035332e-05,8.046628003910541e-05,5.245209365512057e-05
5910989,0.12289763962002273,4.58955819482305e-05,6.0200698399627016e-05,2.2649767714711155e-05
5936903,0.12316586055348641,5.006790757988782e-05,7.62939544074481e-05,4.0531163278956804e-05
5962813,0.12224198844933372,4.58955819482305e-05,7.927418700148904e-05,5.424023321154514e-05
5988726,0.12280882868872031,5.1856047136312383e-05,6.973744270055803e-05,5.781651232439426e-05
6014670,0.12196482681808792,6.973744270055803e-05,5.7220465805586076e-05,4.708767498584688e-05
6040577,0.12241782217238213,5.483627973035332e-05,4.410744239180594e-05,5.7220465805586076e-05
6066484,0.12217999961137767,5.60283727679697e-05,7.09295357381744e-05,5.0663954098696003e-05
6092463,0.12236119775309535,5.424023321154514e-05,5.364418669273695e-05,6.198883795605158e-05
6118360,0.1227277663621624,4.291534935418956e-05,3.993511676014862e-05,4.58955819482305e-05
6144252,0.1222551014727475,4.649162846703869e-05,3.278255853445036e-05,6.318093099366796e-05
6170143,0.12268306287325179,4.4703488910614124e-05,5.245209365512057e-05,4.947186106107963e-05
6196357,0.12168587704728569,4.4703488910614124e-05,6.0200698399627016e-05,4.0531163278956804e-05
6223541,0.12067677029094342,7.927418700148904e-05,4.7683721504655064e-05,5.0663954098696003e-05
6249677,0.12206138635413484,8.702279174599549e-05,4.708767498584688e-05,2.3841860752327532e-05
6276684,0.12221397426294973,3.57627911284913e-05,3.4570698090874925e-05,3.0398372459217605e-05
6302649,0.12552858895404206,3.7550930684915864e-05,3.5762791128491298e-06,4.947186106107963e-05
6328614,0.12310983218071844,4.827976802346325e-05,3.0398372459217605e-05,2.3245814233519345e-05
6354478,0.12234152821797468,4.649162846703869e-05,1.6093256007821086e-05,3.278255853445036e-05
6384572,0.08233428982905028,5.483627973035332e-05,5.960465188081883e-06,3.814697720372405e-05
6410219,0.10542751615375473,3.874302372253224e-05,2.56300003087521e-05,3.159046549683398e-05
6435726,0.15485705791199897,5.006790757988782e-05,2.9802325940409415e-05,6.139279143724339e-05
6461344,0.11890174375793264,4.827976802346325e-05,4.4703488910614124e-05,4.7683721504655064e-05
6486848,0.12168110867513522,5.12600006175042e-05,3.6358837647299484e-05,4.529953542942231e-05
6512435,0.12143434541634862,5.7220465805586076e-05,5.60283727679697e-05,4.529953542942231e-05
6537937,0.12266696961724396,5.245209365512057e-05,5.006790757988782e-05,4.58955819482305e-05
6563454,0.12145878332361976,4.1723256316573184e-05,4.7683721504655064e-05,4.8875814542271444e-05
6588941,0.12232901124107971,5.60283727679697e-05,4.827976802346325e-05,5.364418669273695e-05
6614881,0.12190879844531995,5.662441928677789e-05,7.62939544074481e-05,3.7550930684915864e-05
6643121,0.12089909564245888,4.649162846703869e-05,5.364418669273695e-05,6.0200698399627016e-05
6671313,0.12237013845087748,3.516674460968311e-05,3.516674460968311e-05,6.735325662532528e-05
6699713,0.12209893728481976,7.271767529459897e-05,7.62939544074481e-05,6.258488447485978e-05
6726736,0.12330414334584991,3.6358837647299484e-05,5.006790757988782e-05,5.0663954098696003e-05
6752300,0.12225629356578512,4.7683721504655064e-05,4.58955819482305e-05,3.099441897802579e-05
6778012,0.12196899914371957,4.827976802346325e-05,4.708767498584688e-05,3.57627911284913e-05
6803978,0.12187005542159741,3.159046549683398e-05,0.03905773628446296,2.801418638398485e-05
6829623,0.12253405124354973,4.7683721504655064e-05,0.0,5.1856047136312383e-05
6855196,0.12286426101496947,5.543232624916151e-05,5.245209365512057e-05,5.483627973035332e-05
6880708,0.12221337821643093,3.278255853445036e-05,8.106232655791361e-05,5.8412558843202456e-05
6906319,0.12260736496536315,5.483627973035332e-05,6.377697751247615e-05,3.6358837647299484e-05
6931932,0.12243391542838995,5.60283727679697e-05,7.212162877579079e-05,4.827976802346325e-05
6957688,0.12294413124848977,7.331372181340716e-05,4.3511395872997744e-05,3.695488416610768e-05
6983586,0.12300850427252105,7.450581485102354e-05,7.748604744506448e-05,4.529953542942231e-05
7009537,0.12267352612895085,5.1856047136312383e-05,5.543232624916151e-05,5.1856047136312383e-05
7035509,0.12294532334152738,5.781651232439426e-05,7.271767529459897e-05,5.7220465805586076e-05
7061525,0.12211145426171473,5.781651232439426e-05,4.231930283538137e-05,5.245209365512057e-05
7087594,0.1228803542709773,5.960465188081883e-05,5.543232624916151e-05,3.874302372253224e-05
7117296,0.12160243053465254,5.12600006175042e-05,6.735325662532528e-05,1.1324883857355578e-05
7143592,0.13157011646868186,6.794930314413346e-05,2.801418638398485e-05,0.038936142794626094
7170009,0.1247292905723203,6.437302403128434e-05,0.0,2.145767467709478e-05
7195778,0.12250424891760932,8.583069870837911e-05,0.0,2.6226046827560285e-05