1654541817822118,d0,d1,d2,d3
22607,0.0,0.0,0.0,0.0
59546,0.0,0.0,0.0,0.0
89319,0.0,0.0,0.0,0.0
117683,0.0,0.0,0.0,0.0
147112,0.0,0.0,0.0,0.0
175394,0.0,0.0,0.0,0.0
202994,0.0,0.0,0.0,0.0
231148,0.0,0.0,0.0,0.0
256012,0.0,0.0,0.0,0.0
279919,0.0,0.0,0.0,0.0
306101,0.0,0.0,0.0,0.0
331581,0.0,0.0,0.0,0.0
358845,0.0,0.0,0.0,0.0
384540,0.0,0.0,0.0,0.0
409964,0.0,0.0,0.0,0.0
436605,0.0,0.0,0.0,0.0
462067,0.0,0.0,0.0,0.0
488932,0.0,0.0,0.0,0.0
514669,0.0,0.0,0.0,0.0
541550,0.0,0.0,0.0,0.0
567000,0.0,0.0,0.0,0.0
593709,0.0,0.0,0.0,0.0
619145,0.0,0.0,0.0,0.0
647903,0.0,0.0,0.0,0.0