1655146256557879,d0,d1,d2,d3
26045,0.01091241966634031
56161,0.009949804538465088
81154,0.011407138276951107
106633,0.01002788663242896
131662,0.01085996757268519
156453,0.009846092444192463
181509,0.01014649988967179
205182,0.009899140584366391
230044,0.010851622921421876
255709,0.009698272907528031
278946,0.010727049198990965
303681,0.009464026625636415
327769,0.010630489662944038
352199,0.00988960384006546
376534,0.010519028963926907
400224,0.010169745703905308
424370,0.009719730582205127
450009,0.010191203378582403
473167,0.009561182208202148
500917,0.010105968726392833
529563,0.010367633148149627
558661,0.00924825778582785
588269,0.010126234308032311
620691,0.010233522681417785
660288,0.010209680820665458
696310,0.008805991268872174
726961,0.009401441741161554
759033,0.00944554918355336
791243,0.00965297337209861
823438,0.009933115235938457
855692,0.010012985469458755
887011,0.009987951515668812
919066,0.010621548965161915
952349,0.010596515011371972
983283,0.010457040125970856
1016369,0.010078550586527657
1048917,0.010099412214685943
1081286,0.009653569418617418
1114049,0.009439588718365277
1145148,0.008811355687541447
1212743,0.009179712436164908
1245938,0.009643436627797678
1277389,0.009604097557556339
1310460,0.00973522779169414
1343929,0.009521247091442
1377005,0.009706617558791347
1410178,0.009503365695877754
1443200,0.009665490348993581
1476586,0.009653569418617418
1510442,0.009627343371789858
1542404,0.00979423639705615
1576539,0.009469987090824496
1609129,0.009930731049863225
1642094,0.009833575467297491
1674718,0.010013581515977563
1706056,0.009875298723614064
1742034,0.009890199886584268
1773726,0.010025502446353727
1803277,0.010038019423248699
1837564,0.009972454306179799
1870008,0.010193587564657637
1902563,0.010642410593320202
1935347,0.010634661988575695
1967410,0.010640026407244969
2000126,0.010491014777542922
2034115,0.010670424779704186
2066863,0.01036346082251797
2100595,0.010406376171872159
2133096,0.01049518710317458
2166291,0.010210872913703074
2198329,0.009824634769515367
2229398,0.009275079879174218
2261144,0.009170771738382785
2294124,0.009223223832037906
2324800,0.009840131979004381
2357331,0.00980734942046993
2389386,0.010116101517212572
2421716,0.010080338726084081
2454118,0.010032058958060617
2485217,0.010614396406936217
2517437,0.010611416174342176
2551397,0.010607839895229327
2582667,0.01040279989275931
2616356,0.010364652915555586
2648229,0.010132790819739201
2681065,0.009694696628415182
2713001,0.009387136624710158
2744987,0.008875728711572732
2777257,0.009158850808006621
2811149,0.009176136157052059
2842502,0.00936329476395783
2895293,0.009744168489476263
2926270,0.009413362671537718
2958325,0.009927154770750376
2990429,0.01041233663706024
3020247,0.01128137246148258
3050548,0.011727215257551105
3082070,0.0113046182757161
3112034,0.009845496397673655
3144258,0.00999510407389451
3176236,0.009881259188802146
3211942,0.009654165465136226
3244518,0.009788275931868068
3275994,0.00976443407111574
3307912,0.010035039190654658
3341386,0.010055304772294136
3372418,0.010253192216538455
3404943,0.010327101984870671
3436906,0.010309816635825232
3469103,0.010718108501208842
3501160,0.010827781060669549
3532319,0.01063943036072616
3566350,0.009908081282148514
3599514,0.010780097339164893
3630180,0.009946824305871045
3662477,0.009614826394894886
3694345,0.009717942442648703
3725970,0.009868742211907174
3757805,0.010081530819121698
3788838,0.010259152681726537
3820659,0.010291339193742179
3853541,0.010278226170328399
3884392,0.01032114151968259
3916341,0.01009702802861071
3948312,0.009719134535686319
3980122,0.009335876624092652
4012041,0.009015799643492656
4043382,0.00924825778582785
4075473,0.00933349243801742
4108953,0.009362102670920214
4139939,0.009826422909071791
4174308,0.009765626164153357
4206386,0.009852648955899353
4238376,0.010022522213759686
4270415,0.010163785238717226
4301597,0.010338426868728027
4333737,0.010282994542478864
4367342,0.010229946402304936
4397915,0.009732247559100099
4430686,0.00947535150949377
4469150,0.009413362671537718
4511347,0.00960350151103753
4556898,0.009481311974681852
4588795,0.010434986404774952
4622508,0.00978112337364237
4657136,0.009792448257499725
4692813,0.009579063603766393
4728406,0.008996130108371986
4760323,0.009416342904131758
4793280,0.009325147786754105
4826364,0.009223223832037906
4859011,0.009312630809859133
4891997,0.009529591742705314
4924098,0.009762645931559316
4956879,0.009829403141665834
4990676,0.0100016605856014
5024109,0.01015603663397272
5061787,0.01027763012380959
5093797,0.010294915472855028
5125619,0.010306240356712383
5151155,0.010245443611793949
5174998,0.009836555699891532
5200847,0.010032655004579425
5227725,0.011700989210723545
5252243,0.010573269197138453
5278082,0.010479093847166759
5302831,0.009552837556938833
5328539,0.010588170360108657
5354541,0.010305644310193575
5379342,0.011155010599495243
5404909,0.009716750349611086
5431233,0.010178686401687431
5456367,0.009594560813255408
5482802,0.011012555481500087
5508360,0.010226370123192087
5533845,0.010093451749497861
5558799,0.01012325407543827
5584238,0.0100672257026703
5610084,0.011118055715329136
5636729,0.010464192684196554
5660933,0.01028776291462933
5686482,0.009706021512272539
5711868,0.010611416174342176
5737674,0.01074493059455521
5763085,0.011223555949158186
5787885,0.009599329185405873
5812592,0.010536314312972344
5845664,0.00948846453290755
5876880,0.00999808430648855
5909803,0.010108948958986874
5942000,0.010132790819739201
5974499,0.010306240356712383
6013907,0.01018524291339432
6058623,0.009929538956825608
6090370,0.010125042214994695
6123520,0.010274053844696741
6154411,0.009987951515668812
6186693,0.009993911980856893
6218298,0.010601879430041245
6250241,0.010449887567745158
6282176,0.010204316401996184
6313379,0.009658933837286691
6345129,0.009323955693716489
6378189,0.009444357090515743
6408926,0.009677411279369745
6441898,0.00968217965152021
6473680,0.010001064539082592
6505822,0.010207892681109033
6537653,0.010138751284927283
6569667,0.010611416174342176
6602907,0.01031398896145689
6636383,0.010154248494416295
6667486,0.010656715709771598
6700118,0.010533930126897111
6732209,0.010401011753202885
6765212,0.01033723477569041
6797410,0.009992123841300469
6829171,0.009520054998404383
6882151,0.011366011067153342
6914270,0.010778905246127277
6944997,0.00971555825657347
6977747,0.009400845694642746
7010000,0.009286404763031574
7042209,0.00936031453136379
7074371,0.009422899415838648
7106132,0.009773374768897863
7139219,0.010151864308341063
7172640,0.00991582988689302
7203810,0.009942651980239388
7236234,0.010030270818504192
7268560,0.009918214072968253
7301055,0.010390282915864338
7333173,0.010666252454072529
7364524,0.011106134784952973
7396774,0.010959507341326159
7429965,0.010723472919878116
7460736,0.010272265705140317
7493411,0.010145903843152981
7525489,0.010449887567745158
7557600,0.010480881986723183
7589567,0.010706187570832679
7620897,0.010760427804044223
7652768,0.010958315248288542
7707066,0.00956356639427738
7738700,0.010234118727936593
7774355,0.010825992921113125
7809188,0.009595156859774216
7844046,0.009366274996551871
7877202,0.009261966855760438
7908956,0.009207130576030084
7942072,0.009311438716821517
7975954,0.009202362203879618
8007111,0.009653569418617418
8040451,0.009757281512890043
8078901,0.010045171981474397
8113949,0.009441376857921702
8145602,0.009678603372407361
8179706,0.009691716395821141
8211099,0.00939607732249228
8243827,0.00944197290444051
8274317,0.009997488259969742
8306323,0.010095835935573094
8337870,0.010508896173107168
8369603,0.010403395939278118
8401109,0.010372401520300093
8432214,0.010163189192198418
8463931,0.00943243616013958
8496818,0.009371043368702337
8527073,0.009137989179848335
8559540,0.009237528948489303
8591548,0.009315014995934366
8623360,0.009489656625945166
8656144,0.009635091976534364
8687301,0.009874106630576448
8719269,0.009841920118560806
8752765,0.009842516165079614
8783781,0.010160208959604377
8816714,0.010302068031080726
8848693,0.010095835935573094
8880917,0.010092855702979053
8913051,0.009411574531981293
8944712,0.009042621736839025
8976760,0.00896513568939396
9009976,0.008977652666288933
9040871,0.00942230336931984
9076641,0.009245873599752617
9107038,0.009490848718982783
9139619,0.009676219186332128
9174240,0.009826422909071791
9206124,0.009648801046466952
9237861,0.009824634769515367
9269508,0.009902120816960432
9301521,0.010273457798177933
9343271,0.009758473605927659
9387207,0.010347963613028957
9418492,0.010444523149075884
9451422,0.011234880833015541
9486138,0.010273457798177933
9521109,0.009845496397673655
9554223,0.009814501978695628
9587486,0.010502339661400278
9621485,0.009869338258425982
9652283,0.009905697096073281
9684958,0.010194779657695253
9717008,0.010071398028301959
9748336,0.010358096403848696
9773808,0.009503961742396563
9798598,0.009974838492255032
9824205,0.010611416174342176
9851074,0.010532141987340687
9874821,0.00975132104770196
9900429,0.009796024536612574
9925954,0.010258556635207729
9951603,0.010883809433437518
9976945,0.010720492687284075
10001113,0.010067821749189108
10026923,0.010930301061904558
10054995,0.009533168021818163
10079517,0.010923744550197666
10107583,0.010650755244583516
10132762,0.010002256632120208
10158093,0.009882451281839762
10183761,0.009908677328667322
10210918,0.011156798739051668
10243670,0.01121580734441368
10274354,0.010803939199917222
10299008,0.010594726871815547
10324784,0.009465814765192839
10349620,0.010219813611485197
10375562,0.010181070587762664
10401414,0.010432602218699719
10426292,0.01059055454618389
10453355,0.00988304732835857
10487086,0.009892584072659501
10518875,0.01050174361488147
10552119,0.01013338686625801
10584576,0.010361076636442737
10617435,0.010265709193433427
10649997,0.01018226268080028
10682063,0.01006364942355745
10714752,0.00984072802552319
10748745,0.009918810119487061
10780208,0.009478331742087811
10813401,0.009328724065866954
10854083,0.010239483146605867
10900270,0.010331274310502328
10931486,0.010472537335459869
10964682,0.010085703144753355
10999601,0.010242463379199908
11036515,0.010269285472546276
11067913,0.010203124308958568
11099329,0.01048505431235484
11129190,0.010409952450985008
11160596,0.009436608485771237
11195961,0.009054542667215188
11228092,0.00918567290135299
11260840,0.009166599412751128
11294637,0.009271503600061369
11325656,0.009312034763340325
11358750,0.009726287093912017
11390964,0.009588600348067326
11423161,0.00966608639551239
11455414,0.010036231283692274
11487085,0.0102055084950338
11519302,0.010021926167240878
11553296,0.010033251051098233
11584638,0.010416508962691898
11617430,0.010252596170019647
11649598,0.010391475008901955
11681802,0.010226966169710895
11714005,0.010214449192815923
11745559,0.0097250950008744
11778079,0.00927448383265541
11811860,0.009208918715586508
11843250,0.009190441273503455
11876026,0.009387136624710158
11907910,0.00953436011485578
11939899,0.009754301280296002
11971963,0.010003448725157824
12003539,0.01004755616754963
12035747,0.010032058958060617
12069620,0.010199548029845719
12100969,0.010444523149075884
12134033,0.01030743244975
12171189,0.01045584803293324
12203128,0.010009409190345906
12235242,0.010275841984253166
12266391,0.010296107565892644
12298307,0.010074974307414808
12331559,0.010085703144753355
12362285,0.00957012290598427
12394884,0.009233952669376454
12427098,0.009178520343127291
12459865,0.009566546626871422
12492626,0.009424091508876265
12544611,0.010081530819121698
12576700,0.009763838024596933
12609781,0.010032058958060617
12640805,0.009278656158287067
12673350,0.009453893834816674
12705491,0.009734631745175332
12737594,0.00993549942201369
12769649,0.010997654318529882
12801172,0.010714532222095993
12833179,0.011273027810219265
12866438,0.010598899197447205
12897323,0.010760427804044223
12929755,0.01045227175382039
12961694,0.009849668723305312
12994009,0.009626151278752241
13026041,0.009989143608706428
13057633,0.0099653017479541
13089861,0.010163189192198418
13122770,0.010437370590850186
13153748,0.010293723379817411
13186395,0.010501147568362661
13218321,0.010716320361652418
13250543,0.01055061942942374
13282715,0.010831953386301206
13313752,0.010100008261204751
13345940,0.009855629188493394
13379065,0.009711385930941813
13409919,0.009677411279369745
13442134,0.009630919650902707
13473975,0.01007020593526434
13506590,0.010080338726084081
13538798,0.010316969194050932
13571190,0.010469557102865828
13603539,0.010285378728554097
13635162,0.010554791755055398
13667269,0.01056790477846918
13700720,0.010690094314824858
13731634,0.010374785706375326
13764440,0.00957369918509712
13796995,0.009586812208510901
13829712,0.00932991615890457
13862317,0.009074212202335858
13893968,0.009206534529511276
13925962,0.009604693604075147
13959821,0.009502769649358946
13990746,0.009582043836360434
14023403,0.009745956629032687
14055751,0.009810925699582779
14088658,0.01035034779910419
14120552,0.009920598259043486
14151713,0.010296703612411452
14193768,0.009512902440178685
14240577,0.009418727090206991
14270747,0.009785891745792835
14305415,0.010504127800956702
14340608,0.00971198197746062
14375414,0.009447933369628592
14408796,0.009611846162300845
14440863,0.009341837089280736
14473884,0.009565950580352613
14509153,0.009200574064323194
14540711,0.009572507092059503
14574779,0.009375811740852802
14607459,0.00959038848762375
14640324,0.009523035230998424
14673416,0.00974834081510792
14705421,0.009875894770132872
14738104,0.010024906399834919
14772067,0.009880663142283337
14803503,0.009836555699891532
14836586,0.00985682128153101
14868941,0.010192395471620019
14901427,0.010295511519373836
14933693,0.010100008261204751
14965707,0.009972454306179799
14998042,0.010048152214068438
15033375,0.010033251051098233
15064894,0.010482670126279608
15096375,0.010364056869036778
15130054,0.010259748728245345
15163931,0.009683371744557826
15190108,0.009209514762105317
15214274,0.01004755616754963
15240356,0.009489656625945166
15267372,0.010781885478721318
15292276,0.01027464989121555
15318335,0.00967264290721928
15343186,0.010097624075129518
15369051,0.009548665231307176
15395074,0.011529327813306785
15420124,0.009960533375803635
15445927,0.0102055084950338
15472383,0.009272695693098985
15496718,0.01018226268080028
15522820,0.010345579426953725
15548611,0.010801555013841987
15577348,0.00945508592785429
15602891,0.009558798022126915
15627167,0.0106495631515459
15653176,0.00959694499933064
15680059,0.011385084555755204
15704646,0.010140539424483707
15750126,0.010030270818504192
15774668,0.009962917561878868
15800364,0.011270643624144032
15825974,0.011082888970719454
15850715,0.010157824773529145
15875543,0.010461808498121321
15911195,0.008940101735604016
15945046,0.009136797086810719
15980465,0.009521247091442
16013373,0.010068417795707916
16045859,0.009720922675242744
16078686,0.009370447322183529
16110558,0.009117723598208857
16143183,0.009134412900735486
16177329,0.009154082435856156
16208871,0.009387136624710158
16242278,0.009381772206040884
16274574,0.00940919034590606
16307388,0.009601117324962298
16339967,0.009670854767662855
16372087,0.009775162908454288
16404715,0.01007735849349004
16438094,0.010160208959604377
16469662,0.01009404779601667
16502402,0.009921790352081102
16534807,0.010171533843461733
16567172,0.010408164311428584
16599702,0.01028120640292244
16631258,0.010372997566818901
16663918,0.0102710736121027
16697580,0.010464192684196554
16729843,0.009959937329284827
16762420,0.009636880116090788
16794489,0.009508730114547028
16826830,0.010662080128440872
16859269,0.009359122438326173
16890983,0.010913015712859119
16923169,0.009627939418308666
16956994,0.009664894302474773
16988307,0.009971262213142183
17020848,0.01042544966047402
17053569,0.010250211983944414
17088666,0.010734201757216663
17121213,0.010156632680491528
17153268,0.010197759890289294
17186355,0.010420681288323555
17219949,0.010342599194359684
17251741,0.010742546408479978
17284777,0.01011014105202449
17317396,0.010426641753511637
17349817,0.010788441990428208
17402423,0.010608435941748135
17433761,0.010782481525240126
17465745,0.010733605710697855
17498828,0.01085996757268519
17529857,0.009933711282457265
17562371,0.009895564305253542
17594534,0.00958383197591686
17626778,0.009772778722379055
17658772,0.01019597175073287
17689970,0.010206104541552609
17722059,0.010666848500591337
17754763,0.010558368034168247
17785483,0.010642410593320202
17820228,0.010653735477177557
17850910,0.010753275245818525
17883296,0.010762215943600648
17915144,0.010581613848401767
17947036,0.0101035845403176
17979046,0.009329320112385762
18010248,0.009035469178613326
18042296,0.009710193837904196
18075145,0.009577871510728777
18105965,0.009788871978386876
18138244,0.009965897794472909
18170182,0.0101035845403176
18202315,0.010012389422939947
18234564,0.010440946869963035
18266322,0.01029431942633622
18298396,0.01028418663551648
18332551,0.010253192216538455
18363493,0.009846688490711271
18396845,0.009605289650593955
18428873,0.009578467557247585
18461767,0.009189845226984647
18494398,0.008828044990068076
18525556,0.009248853832346658
18557645,0.009436608485771237
18592794,0.009852648955899353
18623311,0.0
18655900,0.0
18687818,0.0
18720059,0.0
18752192,0.0
18783811,0.0
18816344,0.0
18850208,0.0
18881004,0.0
18914357,0.0
18946799,0.0
18978888,0.0
19019494,0.0
19066132,0.0
19096975,0.0
19132608,0.0
19166534,0.0
19202012,0.0
19234399,0.0
19266652,0.0
19299049,0.0
19330166,0.0
19362442,0.0
19396206,0.0
19426988,0.0
19459729,0.0
19491529,0.0
19523344,0.0
19555209,0.0
19586540,0.0
19618374,0.0
19651600,0.0
19682355,0.0
19715039,0.0
19767609,0.0
19798428,0.0
19832584,0.0
19867269,0.0
19902432,0.0
19936637,0.0
19967415,0.0
20000169,0.0
20034086,0.0
20066712,0.0
20098286,0.0
20126727,0.0
20152532,0.0
20179738,0.0
20204396,0.0
20230422,0.0
20256199,0.0
20281265,0.0
20307281,0.0
20332375,0.0
20357863,0.0
20384587,0.0
20408914,0.0
20434731,0.0
20460587,0.0
20486534,0.0
20512130,0.0
20537016,0.0
20561341,0.0
20607317,0.0
20632735,0.0
20657941,0.0
20683864,0.0
20709628,0.0
20735586,0.0
20760200,0.0
20784742,0.0
20812924,0.0
20844223,0.0
20876799,0.0
20908693,0.0
20940588,0.0
20972568,0.0
21006216,0.0
21046192,0.0
21083568,0.0
21114123,0.0
21146208,0.0
21178257,0.0
21210111,0.0
21241728,0.0
21273024,0.0
21304631,0.0
21338124,0.0
21368732,0.0
21401392,0.0
21433078,0.0
21464933,0.0
21496679,0.0
21527948,0.0
21559665,0.0
21595955,0.0
21626393,0.0
21658644,0.0
21690145,0.0
21722223,0.0
21753908,0.0
21785059,0.0
21816837,0.0
21849892,0.0
21880826,0.0
21913704,0.0
21945299,0.0
21976938,0.0
22008993,0.0
22040223,0.0
22072027,0.0
22104637,0.0
22135816,0.0
22170127,0.0
22220399,0.0
22252090,0.0
22284345,0.0
22316237,0.0
22350639,0.0
22387618,0.0
22420972,0.0
22453159,0.0
22485039,0.0
22516837,0.0
22548652,0.0
22579662,0.0
22611456,0.0
22644570,0.0
22675182,0.0
22707417,0.0
22739147,0.0
22770962,0.0
22802762,0.0
22834013,0.0
22865764,0.0
22898989,0.0
22929838,0.0
22962359,0.0
22994152,0.0
23026082,0.0
23057913,0.0
23089971,0.0
23121724,0.0
23154871,0.0
23186675,0.0
23218863,0.0
23251085,0.0
23283314,0.0
23315749,0.0
23347311,0.0
23379550,0.0
23412884,0.0
23444062,0.0
23476825,0.0
23508982,0.0
23541260,0.0
23573389,0.0
23604858,0.0
23637087,0.0
23670189,0.0
23700653,0.0
23732631,0.0
23764172,0.0
23796004,0.0
23827840,0.0
23879379,0.0
23910146,0.0
23944193,0.0
23979097,0.0
24016054,0.0
24049742,0.0
24081976,0.0
24114253,0.0
24146044,0.0
24181401,0.0
24214691,0.0
24246044,0.0
24278523,0.0
24311376,0.0
24408179,0.0
24438978,0.0
24473667,0.0
24509378,0.0
24546458,0.0
24579690,0.0
24612196,0.0
24643667,0.0
24675255,0.0
24706809,0.0
24737904,0.0
24769303,0.0
24802198,0.0
24832529,0.0
24864657,0.0
24896096,0.0
24964759,0.0
24995411,0.0
25026784,0.0
25061715,0.0
25096357,0.0
25130545,0.0
25162801,0.0
25187708,0.0
25213419,0.0
25239184,0.0
25263962,0.0
25289366,0.0
25315329,0.0
25339792,0.0
25365716,0.0
25391203,0.0
25416413,0.0
25441113,0.0
25465917,0.0
25491511,0.0
25518425,0.0
25542616,0.0
25567893,0.0
25592791,0.0
25618562,0.0
25644350,0.0
25669239,0.0
25694162,0.0
25720764,0.0
25745077,0.0
25770921,0.0
25796336,0.0
25821302,0.0
25846750,0.0
25879999,0.0
25914481,0.0
25950434,0.0
25981607,0.0
26014670,0.0
26046896,0.0
26081809,0.0
26114381,0.0
26145947,0.0
26178227,0.0
26211261,0.0
26242045,0.0
26274256,0.0
26306202,0.0
26338151,0.0
26370223,0.0
26401607,0.0
26460885,0.0
26494647,0.0
26525718,0.0
26558948,0.0
26594302,0.0
26629565,0.0
26664004,0.0
26695539,0.0
26727563,0.0
26761019,0.0
26792162,0.0
26824680,0.0
26856837,0.0
26889737,0.0
26922069,0.0
26954528,0.0
26986953,0.0
27018490,0.0
27050753,0.0
27084111,0.0
27115057,0.0
27147599,0.0
27180003,0.0
27212615,0.0
27245026,0.0
27276791,0.0
27309248,0.0
27342894,0.0
27374357,0.0
27406928,0.0
27438912,0.0
27470976,0.0
27503025,0.0
27534501,0.0
27566567,0.0
27601599,0.0
27631397,0.0
27664407,0.0
27699888,0.0
27735368,0.0
27770147,0.0
27801550,0.0
27833489,0.0
27866733,0.0
27897475,0.0
27929864,0.0
27961759,0.0
27993753,0.0
28025728,0.0
28056996,0.0
28089104,0.0
28145015,0.0
28176611,0.0
28212047,0.0
28247451,0.0
28281751,0.0
28313535,0.0
28344786,0.0
28376649,0.0
28409879,0.0
28440702,0.0
28473461,0.0
28505257,0.0
28537112,0.0
28569043,0.0
28600446,0.005626679137549297
28632415,0.009862781746719092
28665869,0.012651087361703797
28696622,0.013869406446147734
28729579,0.013795496677815518
28761376,0.014328958312148846
28793291,0.015123488321720162
28825256,0.016014577867338405
28856457,0.017024280670199475
28888619,0.017849805098748815
28922321,0.016958119506611764
28952882,0.017595889281736526
28985640,0.017290117417587927
29017613,0.017395021604898166
29050344,0.020320417919208755
29091584,0.01656830508331121
29122838,0.026039484267173323
29154494,0.016918780436370424
29187105,0.017662050445324234
29215977,0.011168123622909023
29246299,0.010911227573302694
29276465,0.0
29308819,0.0
29341156,0.0
29372529,0.0
29405993,0.0
29438517,0.0
29471207,0.0
29504233,0.0
29535868,0.0
29568461,0.0
29602629,0.0
29634071,0.0
29666786,0.0
29698743,0.0
29731287,0.0
29771941,0.0
29818217,0.0
29848975,0.0
29882513,0.0
29914201,0.0
29947086,0.0
29979662,0.0
30012306,0.0
30045795,0.0
30078376,0.0
30109276,0.0
30143815,0.0
30176209,0.0
30203219,0.0
30229124,0.0
30254882,0.0
30281188,0.0
30306480,0.0
30332120,0.0
30358691,0.0
30384030,0.0
30410547,0.0
30436534,0.0
30462196,0.0
30487233,0.0
30512680,0.0
30538828,0.0
30566109,0.0
30592964,0.0
30618790,0.0
30643391,0.0
30668946,0.0
30694680,0.0
30719570,0.0
30744771,0.0
30771241,0.0
30796190,0.0
30822627,0.0
30847991,0.0
30873584,0.0
30901402,0.0
30935573,0.0
30971318,0.0
31005876,0.0
31036666,0.0
31068945,0.0
31100733,0.0
31132494,0.0
31164419,0.011315943159573455
31196119,0.002168417235424189
31231791,0.0
31283142,0.0
31315849,0.0
31351013,0.0
31385997,0.0
31419344,0.0
31451724,0.0
31482781,0.0
31514825,0.0
31548441,0.0
31579255,0.0
31612011,0.0
31643710,0.0
31675549,0.0
31707486,0.0
31738856,0.0
31770757,0.0
31804232,0.02746820777275655
31835005,0.02751767963381763
31867905,0.02760887475119528
31899863,0.027114752187103294
31945857,0.02649426776102397
31977055,0.027470591958831784
32008553,0.0277048382407234
32060689,0.02792775963875766
32097327,0.026101473105129374
32130656,0.02746105521453085
32166217,0.02707064474471149
32200625,0.02701819265105637
32226185,0.026886466370399757
32251116,0.028117898478257474
32275974,0.027140382187412045
32301419,0.027137401954818004
32327940,0.02623677566489883
32352368,0.028051141268150958
32377577,0.02700507962764259
32403038,0.028389695690834008
32428968,0.02649486380754278
32454640,0.027621391728090253
32479321,0.027381184981010553
32504285,0.0282216105725301
32530706,0.027208927537074986
32555193,0.02695143544094985
32581113,0.02678096613657071
32606632,0.02803385591910552
32631809,0.02739250986486791
32657435,0.02701461637194352
32682622,0.026782754276127134
32708224,0.026584866831882815
32734916,0.02778411242772489
32758696,0.02689242683558784
32784634,0.027804974055883176
32827962,0.02732336846868616
32853277,0.027983191965006825
32878596,0.027226808932639235
32903614,0.027579072425254873
32935071,0.027396682190499566
32967812,0.02748787730787722
32998508,0.026993158697266425
33030818,0.02699435079030404
33062696,0.02722859707219566
33094756,0.027917626847937922
33126895,0.0281125340595882
33158135,0.028443935924045555
33195706,0.028123262896926748
33228629,0.027656558472699936
33259337,0.028439167551895086
33291647,0.02822518685164295
33323393,0.028157833595017622
33355406,0.027960542197292115
33387708,0.027670267542632524
33419605,0.02737939684145413
33451783,0.027391317771830292
33485338,0.02733290521298709
33520084,0.02748787730787722
33553115,0.027499202191734577
33584653,0.02746403544712489
33617666,0.027432444981628057
33649562,0.02696097218525078
33681285,0.02688885055647499
33713025,0.027090314279832158
33744471,0.02788901661503513
33776698,0.028213265921266786
33810253,0.02820849754911632
33841235,0.02809346057098634
33874017,0.028020146849172933
33906350,0.02796829080203662
33938929,0.027920607080531963
33971315,0.02770781847331744
34002827,0.027281645212369587
34034805,0.027292374049708135
34068632,0.027109983814952828
34100216,0.02740502684176288
34133189,0.027273300561106273
34165380,0.026705864275200875
34197599,0.02683282218370702
34229856,0.026987198232078343
34262161,0.027058127767816516
34294541,0.02734303800380683
34328903,0.02706647241907983
34360414,0.02785623405650068
34393304,0.028019550802654124
34447902,0.026108625663355072
34480048,0.02594113659156997
34512244,0.026894214975144264
34546328,0.02714574660608132
34581842,0.02649486380754278
34618496,0.0269985231159357
34649748,0.026822093346368474
34683073,0.02646088915597071
34715042,0.026441815667368848
34748221,0.02664864380939529
34780390,0.026615265204342032
34812064,0.027005675674161397
34844186,0.027562979169247052
34877358,0.027561787076209435
34908357,0.027959350104254498
34941830,0.027950409406472372
34974259,0.027818683125815764
35006762,0.027706030333761015
35040052,0.027536157075900684
35080229,0.02769470544990366
35117650,0.026535394970821736
35146560,0.02518117728008953
35172090,0.027751925915709248
35197933,0.02705037916307201
35223922,0.02665520032110218
35250085,0.026621225669530114
35275844,0.02548396891164409
35300635,0.027614239169864555
35325268,0.026417377760097713
35351950,0.02783000800967312
35376967,0.025464895423042228
35403087,0.02713919009437443
35428604,0.026945474975761767
35453374,0.027812126614108874
35479579,0.026961568231769588
35504713,0.02635956124777332
35530300,0.025967958684916338
35556958,0.026338103573096225
35580641,0.02691209637070851
35607007,0.026646259623320057
35633223,0.027608278704676473
35658992,0.02525031867627128
35684549,0.026867392881797895
35708999,0.02635598496866047
35734333,0.02754748195975804
35761360,0.026729110089434394
35786001,0.026841762881489144
35811969,0.02608359170956513
35839185,0.027850869637831406
35871843,0.02749443381958411
35904661,0.027366879864559157
35959065,0.026877525672617635
35989925,0.02724528637472229
36023068,0.027709010566355056
36054553,0.027489069400914837
36087207,0.027363899631965116
36119134,0.027056339628260092
36151608,0.026127699151956934
36184385,0.025883916125764385
36215954,0.026416781713578905
36248291,0.025728944030874255
36281437,0.02574324914732565
36312888,0.025837424497297347
36345572,0.02576709100807798
36377716,0.02593100380075023
36409876,0.026403668690165125
36442193,0.02683937869541391
36473846,0.027549866145833272
36505894,0.027255419165542027
36539285,0.026630762413831045
36570356,0.026608708692635142
36603744,0.026282671246847064
36635596,0.026062134034888034
36667945,0.026497247993618012
36699969,0.026392939852826577
36731282,0.02596736263839753
36763191,0.025984647987442967
36796280,0.026180151245612054
36827058,0.027130845443111114
36859148,0.02737582056234128
36891282,0.02719104614151074
36923665,0.02721786823485711
36956133,0.027294758235783367
36988066,0.026808980322954694
37020578,0.026642683344207208
37054101,0.02681970916029324
37085424,0.026443007760406465
37118370,0.026601556134409444
37150676,0.026456716830339053
37185828,0.025787952636236268
37218498,0.026688578926155438
37249913,0.026448968225594546
37282097,0.02607643915133943
37315696,0.026064518220963267
37347203,0.02590239356784744
37379931,0.026134255663663824
37412313,0.026532414738227695
37444865,0.026860240323572197
37477179,0.027062300093448174
37509156,0.0276029142860072
37541629,0.027604106379044816
37582921,0.02614856078011522
37627503,0.027519467773374055
37662202,0.02755046219235208
37696969,0.02659917194833421
37731812,0.02633929566613384
37764652,0.02606988263963254
37796493,0.026344660084803115
37828595,0.026496055900580396
37862433,0.026466253574639984
37893490,0.027224424746564002
37928938,0.02626061752565116
37961296,0.026571157761950227
37994978,0.0264602931094519
38026278,0.027185681722841467
38059033,0.02719760265321763
38092365,0.026929381719753946
38124246,0.02734959451551372
38156149,0.02700746381371782
38187331,0.026857260090978156
38219071,0.0262999565958925
38252255,0.0266420872976884
38283526,0.02655983287809287
38316286,0.02626777008387686
38348695,0.026379826829412797
38381312,0.026368501945555442
38413625,0.026367309852517826
38445217,0.02682328543940609
38477475,0.027218464281375917
38510977,0.027354958934182994
38542230,0.027740601031851893
38575182,0.027377608701897704
38607390,0.027387741492717443
38639937,0.027417543818657852
38672243,0.027455094749342768
38703940,0.02737522451582247
38736622,0.027309659398753572
38770051,0.027015808464981136
38801443,0.027456286842380384
38834288,0.027198794746255247
38866975,0.0273263487012802
38899784,0.026990178464672384
38932416,0.02692759358019752
38964120,0.026837590555857486
38996101,0.02700746381371782
39029753,0.026867988928316704
39061094,0.02771497103154314
39093812,0.027636888937579266
39126125,0.02777099940431111
39158264,0.028007033825759153
39190443,0.0270205768371316
39221453,0.02735257474810776
39274517,0.027776363822980384
39307333,0.027319196143054503
39338306,0.027009251953274246
39371843,0.027650001960993046
39405211,0.027556422657540162
39437763,0.02662539799516177
39470641,0.0
39502605,0.0
39535178,0.0
39569476,0.0
39602566,0.0
39635691,0.0
39668058,0.0
39700298,0.0
39732729,0.0
39764447,0.0
39797054,0.0
39830600,0.0
39861942,0.0
39895115,0.0
39927539,0.0
39959876,0.0
39991996,0.0
40023402,0.0
40057214,0.0
40091765,0.0
40122423,0.0
40157709,0.0
40183898,0.0
40208666,0.0
40234823,0.0
40259999,0.0
40285940,0.0
40313118,0.0
40336859,0.0
40363411,0.0
40389649,0.0
40415683,0.0
40441565,0.0
40465906,0.0
40491865,0.0
40518981,0.0
40543963,0.0
40570280,0.0
40596015,0.0
40621270,0.0
40647332,0.0
40672441,0.0
40698339,0.0
40725727,0.0
40749592,0.0
40799498,0.0
40825478,0.0
40851464,0.0
40884742,0.0
40920209,0.0
40954563,0.0
40988483,0.0
41019707,0.0
41052310,0.0
41085407,0.0
41117621,0.0
41149229,0.0
41180560,0.0
41212257,0.0
41245285,0.001776218626048401
41276118,0.01892447697215998
41308730,0.02358913702835286
41340760,0.0
41372931,0.01691043578510711
41404894,0.026489499388873506
41436250,0.027967098708999005
41468396,0.028179887316213525
41501508,0.027838948707455242
41532287,0.028120282664332707
41564703,0.027350786608551336
41596643,0.027679208240414647
41628675,0.02786636684732042
41660548,0.02837241034178857
41691871,0.02881050453311259
41723966,0.029069188722275343
41757119,0.028683546624606444
41788217,0.028125051036483172
41820684,0.028114322199144625
41852239,0.027869943126433268
41884254,0.027699473822054125
41916294,0.02786279056820757
41947529,0.02758980126259342
41979651,0.027425888469921167
42012970,0.027528408471156177
42043689,0.028516653599340153
42076068,0.028401020574691363
42108274,0.028688314996756913
42140579,0.028765801044201976
42173196,0.028568509646476465
42204809,0.028567913599957657
42237190,0.028275254759222837
42270893,0.028210285688672745
42301904,0.02789855335933606
42334713,0.02780318591632675
42367166,0.028010014058353194
42407523,0.02830684522471967
42452635,0.02718448962980385
42484381,0.027828219870116695
42519021,0.027397278237018374
42555587,0.028457048947459335
42600277,0.02688527427736214
42635664,0.027763846846085412
42667646,0.02727091637503104
42699546,0.027354958934182994
42731464,0.027085545907681693
42762854,0.027613643123345747
42794907,0.027618411495496212
42827981,0.027348402422476104
42858963,0.02841174941202991
42891697,0.028722885694847787
42923672,0.02899110662831147
42955917,0.02831042150383252
42988214,0.02809942103617442
43019460,0.028004053593165112
43051316,0.028025511267842206
43084453,0.027883056149847048
43115186,0.027723315682806456
43147772,0.027489069400914837
43180428,0.02732992498039305
43212820,0.02755344242494612
43245113,0.027922395220088388
43276880,0.028411153365511102
43309733,0.02845526080790291
43343511,0.028459433133534568
43374666,0.028587583135078327
43411193,0.028015974523541275
43443110,0.02849161964555021
43475044,0.028592351507228792
43506407,0.02856970173951408
43538727,0.028373602434826187
43572555,0.028503540575926373
43603459,0.028226378944680566
43636363,0.028085711966241832
43668409,0.027759078473934946
43701758,0.027825835684041463
43734099,0.02795875405773569
43765928,0.027832392195748352
43798097,0.027368071957596773
43832264,0.027828219870116695
43863332,0.02759337754170627
43896721,0.027496818005659344
43929717,0.02734661428291968
43962116,0.027551654285389696
43994518,0.027650001960993046
44026443,0.028335455457622463
44058735,0.028393868016465665
44117388,0.027556422657540162
44147304,0.027393701957905525
44179870,0.026637318925537935
44212011,0.026874545440023594
44244133,0.027265551956361767
44276394,0.027263763816805342
44308168,0.027197006606698822
44340686,0.0275373491689383
44373997,0.027646425681880197
44405312,0.027565959401841093
44437911,0.027439001493334947
44470201,0.027214888002263068
44502579,0.026923421254565864
44534674,0.02722502079308281
44566220,0.026789310787834024
44618867,0.027301910794009066
44652124,0.027244094281684672
44683084,0.02777099940431111
44715238,0.027720931496731223
44747045,0.02765477033314351
44779557,0.027483704982245564
44811722,0.027320984282610927
44842843,0.02782702777707908
44874740,0.02835929731837479
44908484,0.02850830894807684
44939518,0.02836883406267572
44972214,0.028153065222867157
45004601,0.028029683593473863
45036963,0.027903321731486526
45070244,0.027443173818966604
45100988,0.027043226604846312
45127849,0.026903751719445194
45155566,0.027233961490864933
45181222,0.02775431010178448
45212144,0.02738237707404817
45241196,0.02599716496433794
45267356,0.027173760792465303
45294284,0.027046206837440353
45317993,0.02830982545731371
45344512,0.027222636607007578
45370692,0.0278794798707342
45396553,0.02636254148036736
45422157,0.027114156140584485
45446459,0.02738237707404817
45471719,0.027294758235783367
45498325,0.027795437311582245
45523379,0.026686790786599014
45549870,0.02759278149518746
45575357,0.027762654753047795
45603669,0.027775171729942767
45637839,0.028020146849172933
45676452,0.02703368986054538
45701377,0.028736594764780375
45728321,0.027809146381514833
45753329,0.028332475225028422
45779521,0.026937130324498453
45806458,0.02754748195975804
45838319,0.02812624312952079
45869945,0.028029087546955055
45901595,0.02776146266001018
45933835,0.027677420100858222
45967724,0.0276613268448504
45998782,0.027605298472082433
46032067,0.027512911261667165
46064248,0.027350786608551336
46096988,0.02755046219235208
46129538,0.02735317079462657
46161225,0.02751469940122359
46194614,0.02759337754170627
46228147,0.02725422707250441
46258922,0.028125051036483172
46292090,0.02832055429465226
46324776,0.028510097087633263
46357261,0.02852797848319751
46389783,0.02849519592466306
46421608,0.02800464963968392
46453863,0.028159621734574047
46487785,0.02837241034178857
46518474,0.02786934707991446
46551020,0.027443769865485412
46583035,0.027499202191734577
46615655,0.027520063819892863
46648340,0.027499202191734577
46680068,0.027202967071886904
46712291,0.02724111404909063
46745912,0.027306083119640723
46776920,0.027354958934182994
46809782,0.027760270566972563
46842428,0.028006437779240344
46875719,0.027735832659701427
46908921,0.027714374985024333
46941019,0.025088194023155454
46973613,0.0
47007845,0.0
47039061,0.0
47072300,0.0
47106740,0.0
47138776,0.0
47174684,0.0
47206229,0.0
47238231,0.0
47292454,0.0
47323259,0.0
47355695,0.0
47392313,0.0
47430156,0.0
47462155,0.0
47493742,0.0
47526140,0.0
47559538,0.0
47590311,0.0
47623176,0.0
47654937,0.0
47686873,0.0
47718736,0.0
47750003,0.0
47781839,0.0
47815015,0.0
47845915,0.0
47878327,0.0
47910293,0.0
47942666,0.0
47974820,0.0
48006045,0.0
48038497,0.0
48071566,0.0
48102404,0.0
48134797,0.0
48167024,0.0
48199319,0.0
48231036,0.0
48262333,0.0
48294289,0.0
48327508,0.0
48358182,0.0
48390958,0.0
48423125,0.0
48455509,0.0
48487918,0.0
48519640,0.0
48551841,0.0
48589274,0.0
48620481,0.0
48652488,0.0
48683967,0.0
48715678,0.0
48747305,0.0
48778300,0.0
48812327,0.0
48842962,0.0
48875090,0.0
48906917,0.0
48957509,0.0
48989203,0.0
49020897,0.0
49055582,0.0
49091737,0.0
49125285,0.0
49157881,0.0
49190205,0.0
49222068,0.0
49254355,0.0
49285307,0.0
49317353,0.0
49350877,0.0
49381684,0.0
49414252,0.0
49446178,0.0
49478263,0.0
49510047,0.0
49541293,0.0
49573272,0.0
49606844,0.0
49637161,0.0009113551272577199
49670050,0.022715332831780056
49702431,0.027779344055574424
49734519,0.02833009103895319
49766598,0.028242472200688387
49798001,0.028124454989964364
49830157,0.02781331870714649
49863805,0.02784967754479379
49894646,0.02779722545113867
49927463,0.027828815916635503
49959872,0.028157833595017622
49992017,0.028496984064219483
50023929,0.02898455011660458
50058744,0.028693083368907378
50094591,0.028512481273708496
50126491,0.026472214039828065
50151882,0.027983191965006825
50178448,0.027180317304172193
50204060,0.02804756498903811
50229713,0.026955607766581506
50255521,0.026889446602993798
50280274,0.027827623823597887
50304866,0.027473572191425825
50331821,0.028278234991816878
50356850,0.026314261712343898
50383044,0.02746820777275655
50408639,0.02742767660947759
50433463,0.0283527408066679
50459557,0.027720335450212415
50484560,0.027495625912621727
50531366,0.028604272437604956
50557990,0.02692461334760348
50582265,0.027773383590386343
50608295,0.026528242412596038
50633820,0.027793053125507013
50658586,0.026968720789995286
50684410,0.028649571973034377
50709779,0.02705991590737294
50735740,0.028206709409559896
50762723,0.027672651728707757
50786202,0.027939084522615017
50812800,0.02754032940153234
50844487,0.02651155311006941
50877411,0.027089122186794542
50910133,0.02698541009252192
50942115,0.027532580796787835
50974830,0.027455094749342768
51008734,0.027315619863941654
51040240,0.02760589451860124
51073507,0.028071406849790436
51106100,0.027977231499818744
51138948,0.0278139147536653
51171832,0.02784669731219975
51203899,0.0275737080065856
51236582,0.027483704982245564
51270565,0.027056339628260092
51301673,0.027168992420314838
51334045,0.027323964515204968
51366266,0.027117136373178526
51398958,0.026972297069108135
51431561,0.026876333579580018
51462715,0.026386383341119687
51495185,0.02700746381371782
51528255,0.02648055869109138
51559242,0.027322176375648544
51592507,0.027542713587607574
51624505,0.02763271661194761
51656542,0.02802133894221055
51688442,0.02782285545144742
51719511,0.027526024285080945
51751668,0.026890042649512606
51784553,0.02711892451273495
51815337,0.027275684747181506
51847687,0.026886466370399757
51879567,0.02676427683404408
51911460,0.0267511638106303
51943754,0.027512911261667165
51974759,0.028085115919723024
52006846,0.028396848249059706
52040221,0.02839267592342805
52071165,0.028160813827611663
52123777,0.028118494524776282
52154632,0.027922395220088388
52186831,0.027502182424328617
52219156,0.027838948707455242
52251260,0.027911070336231032
52283535,0.02762616010024072
52316732,0.027624968007203102
52348014,0.02776801917171707
52380881,0.027679208240414647
52413534,0.027548078006276847
52446230,0.027162435908607948
52478552,0.027611258937270514
52509792,0.02743780940029733
52542160,0.02673328241506605
52575202,0.02772152754325003
52606584,0.02750158637780981
52639195,0.027512315215148356
52671496,0.02750456661040385
52703846,0.027610066844232898
52736185,0.027409795213913346
52767694,0.027182701490247426
52800018,0.026799443578653763
52833603,0.0268530877653465
52864655,0.026438239388256
52897233,0.026593807529664937
52929372,0.026098492872535333
52961668,0.025982859847886543
52994009,0.02635240868954762
53025346,0.027386549399679827
53057654,0.027644637542323772
53093655,0.02730012265445264
53125001,0.027598741960375543
53157814,0.02731979218957331
53191300,0.0269115003241897
53223559,0.027502182424328617
53255650,0.028081539640610175
53287171,0.027396086143980758
53319356,0.02724767056079752
53352751,0.027552846378427313
53394161,0.02719819869973644
53434300,0.02748847335439603
53466233,0.027531388703750218
53498363,0.027531984750269026
53530295,0.02676129660145004
53566447,0.02708316172160646
53603476,0.0277411970783707
53636583,0.027489069400914837
53671633,0.027724507775844072
53704142,0.027642849402767348
53736540,0.027386549399679827
53793675,0.027012232185868287
53824207,0.028364065690525256
53858232,0.027987364290638483
53894489,0.02743840544681614
53929134,0.027406218934800497
53963705,0.027084949861162885
53996156,0.026884082184324525
54029173,0.027088526140275734
54061856,0.026966336603920053
54093415,0.026949051254874616
54126222,0.027772787543867535
54160266,0.027555826611021354
54191396,0.028085711966241832
54223985,0.028331283131990806
54256122,0.02864241941480868
54288136,0.028345588248442202
54321038,0.02825498917758336
54352343,0.028029683593473863
54384439,0.02791524266186269
54418022,0.02772212358976884
54449299,0.027266148002880575
54481831,0.027575496146142024
54513735,0.027038458232695847
54545857,0.027092102419388583
54956231,0.028400424528172555
54991529,0.027935508243502168
55028127,0.0272607835842113
55066762,0.026958587999175547
55101792,0.027410391260432154
55130149,0.027149322885194168
55158262,0.02613604380322025
55184907,0.04490435658745248
55210714,0.023614170982142805
55236320,0.0
55262335,0.0
55289585,0.004975200292491948
55313384,0.0016766788574074337
55339917,0.0
55366366,0.0
55392482,0.0
55418698,0.0
55443398,0.0
55469186,0.0
55496078,0.0
55521004,0.0
55547456,0.0
55573200,0.0
55622055,0.0
55649535,0.0
55674890,0.0
55701098,0.0
55727362,0.0
55751744,0.0
55777868,0.0
55803851,0.0
55832092,0.0
55864377,0.0
55895300,0.0
55927075,0.0
55960380,0.0
55990863,0.0
56023173,2.470465000923276
56054767,2.4702963197584533
56086766,2.4662467797096705
56119228,2.4284663711150136
56150580,2.466714080180416
56183005,2.456342274706635
56216127,2.4694290720735874
56246907,2.46845751624793
56279535,2.467902000892401
56311452,2.468475993690013
56343741,2.468691166483303
56375732,2.4698576295206105
56406997,2.47046798115587
56439173,2.4710848893028365
56472610,2.4710693920933475
56503319,2.4690845571857163
56536349,2.4710109795345043
56568290,2.469265159280915
56600796,2.4674126467004593
56632821,2.469070252069265
56664551,2.468191083454023
56696952,2.467950876706943
56730781,2.4669322332063
56761693,2.4685344062488563
56794494,2.468118961825247
56826952,2.4688419662525614
56859466,2.469190653466064
56891928,2.4689784609053684
56923406,2.4701461160357137
56956262,2.4705603683662853
56990449,2.4680647215920355
57021180,2.4700012767316433
57054223,2.4694403969574448
57086898,2.469750341147225
57119767,2.469591792773222
57152763,2.471614178611538
57186977,2.469224628117636
57253549,2.469473775562498
57286887,2.458156640309887
57318089,2.4710473383721516
57353752,2.464999850392324
57389891,2.468755539507334
57426216,2.4690660797436332
57459256,2.4981728193965935
57491120,2.468945678346834
57523892,2.4697425925424805
57557312,2.46913760532589
57589536,2.4684134088055383
57622181,2.465493376909897
57654136,2.469529803935266
57686196,2.4720606174541255
57718178,2.468416985084651
57749315,2.4668273290189897
57781278,2.467680271587404
57814203,2.46570199319148
57845549,2.4670550187891744
57878274,2.467040713672723
57910686,2.4950656288940465
57943142,2.4632295922314635
57975563,2.464380558059282
58007351,2.464931305042661
58039961,2.4658307392395424
58073829,2.4654641706304754
58105002,2.464822824576238
58137922,2.465148265975507
58170074,2.4644443350367946
58203024,2.466485198317194
58235014,2.4628385857151254
58267042,2.4646124201550985
58299324,2.464809115506305
58333465,2.464157040614729
58364847,2.464237506894768
58397631,2.4630776003691675
58430046,2.4638542489831745
58462797,2.422163775225136
58495289,2.4633690671168647
58526714,2.4645188408516456
58558975,2.465017731787888
58593148,2.4643668489893495
58624025,2.465943392031597
58657928,2.4654856283051525
58690214,2.461469466861423
58722785,2.4666228850630385
58755029,2.465803917146196
58786944,2.4658152420300534
58819711,2.465552385515259
58853890,2.466702755296559
58884650,2.46589690040313
58938314,2.444794469451245
58969124,2.4535319153704545
59001448,2.46571689435445
59033957,2.465694840633254
59065840,2.4647673922499886
59100477,2.465353902024496
59133416,2.462649638968663
59164807,2.4629500464141425
59200561,2.465082700858438
59232956,2.4646958666677317
59265770,2.464263136895077
59297802,2.465142901556838
59330402,2.4641343908470144
59363919,2.498801648473936
59395658,2.463918622007206
59428372,2.4623814180351995
59461224,2.4461600120258344
59493923,2.4676510653079826
59526487,2.468426521828952
59558469,2.469300326025525
59590964,2.4688884578810284
59624210,2.469684776030156
59655904,2.4701806867338045
59688804,2.47014790417527
59721844,2.4707063997633933
59754431,2.4699160420794537
59786830,2.4690660797436332
59818818,2.4697175585886906
59851449,2.4694725834694604
59885033,2.4693670832356314
59915900,2.4690005146265643
59948626,2.4689540229980973
59981171,2.467118795766687
60013596,2.4677190146111267
60045890,2.4676600060057647
60079915,2.4487259922893037
60113555,2.4552383965538023
60146121,2.45761006565214
60172970,2.4344429295591032
60198934,2.442158751745075
60224578,2.446584397147226
60250244,2.4684289060150273
60274988,2.4657896120297447
60300358,2.469106610906912
60325931,2.4394604491544305
60352795,2.4508485139427796
60377196,2.467102702510679
60402609,2.4682518801989413
60427807,2.4672660192568325
60453352,2.4418166210432792
60500142,2.469473775562498
60523836,2.4669173320433297
60549651,2.449423962762828
60576510,2.4354830307344235
60602975,2.4696311318434634
60628865,2.466723616924717
60654901,2.466956671113571
60681220,2.4420055677897414
60707223,2.442927055707819
60732388,2.468116577639172
60757330,2.466606195760512
60784748,2.465449865514024
60809735,2.4380841777425024
60836304,2.4310496367275283
60864854,2.416897704231465
60896896,2.4279293332015675
60929236,2.42932348600906
60960725,2.4293652092653764
60993111,2.4282112632049637
61026744,2.4277177366873905
61057894,2.427075794586634
61090506,2.4271246704011764
61122766,2.4276497873842464
61155133,2.4269416841199023
61187486,2.4275311741270036
61219231,2.42616265131982
61251831,2.427707603896571
61285232,2.426917246212631
61316559,2.425335934798233
61349550,2.4257138282911574
61381885,2.4245366364165113
61414205,2.4242225199010994
61446620,2.4254342824738364
61478433,2.425479582009266
61510941,2.4233218936111802
61544414,2.425560048289305
61575808,2.4266651185351753
61608710,2.4272015604021027
61640894,2.427106789005612
61673203,2.427909663666447
61705521,2.4269631417945794
61737349,2.426451733881442
61769743,2.4264374287649906
61803081,2.4252036124710576
61834215,2.4264159710903135
61867088,2.425743630617098
61899523,2.426977446911031
61932344,2.425591042708283
61964962,2.424357822460869
61996630,2.4250951320046346
62028924,2.426688364349409
62082783,2.426914265980037
62113512,2.4086037169222494
62145711,2.4137297169839997
62179937,2.4267616780712222
62214304,2.4251392394470264
62249238,2.427075794586634
62282598,2.4246451168829344
62315245,2.4264159710903135
62349301,2.4268230708626595
62380002,2.425960591549944
62412778,2.426299742019146
62444820,2.42631762341471
62477025,2.426606705976332
62509560,2.427561572499463
62541306,2.4275526318016807
62574013,2.4239489345489664
62608047,2.4240854292017735
62639126,2.42452233130006
62672602,2.4249127417698793
62705706,2.4244961052532323
62738496,2.424733927814237
62771274,2.423900654780943
62803555,2.424574187347196
62836214,2.4240299968755243
62870498,2.42422728827325
62902090,2.4603083682427846
62936154,2.422520211043383
62968691,2.423059037096386
63001381,2.4219563510365907
63034196,2.4221739080159557
63066566,2.425513556660838
63099048,2.425554087824117
63133640,2.430096558343954
63165279,2.453548604672981
63199648,2.462911899436939
63232197,2.463228400138426
63265168,2.462892229901818
63298042,2.463132436648898
63329814,2.463729079214225
63362556,2.463696892702209
63396892,2.463473971304175
63428284,2.46350138944404
63461520,2.458852822643855
63493915,2.463125284090672
63526447,2.4644383745716065
63558830,2.4626043394332338
63591468,2.4656465608652307
63625493,2.4475642976241465
63658805,2.4661162455220516
63689710,2.4674656948406333
63722107,2.4664768536659305
63770096,2.4496027767184705
63801033,2.4533578697869625
63833587,2.4651530343476575
63865771,2.463729079214225
63897821,2.4652120429530195
63931236,2.4636217908408393
63963970,2.464340026896003
63996207,2.4648579913208475
64028153,2.42401211547996
64060560,2.44014590265106
64091975,2.437877349600476
64124118,2.4352958721275177
64157832,2.4536094014178995
64190219,2.4388787077520737
64222589,2.4409517575444886
64254462,2.4542680328211826
64286866,2.456150347727579
64319355,2.450620228126076
64350436,2.44698732459394
64382385,2.4447187715433563
64415709,2.4473592576216765
64451034,2.4483373699590407
64483130,2.4532493893205394
64515255,2.443324022689345
64547264,2.4239703922236435
64580175,2.4676760992617726
64612356,2.466947730415789
64650850,2.4690028988126396
64686074,2.465499337375085
64710250,2.4669578632066087
64736676,2.4670430978587983
64763016,2.4676862320525923
64788965,2.435633234457163
64815040,2.454235250262648
64839710,2.4671444257669957
64865007,2.467973526474658
64891964,2.465694840633254
64920220,2.4392250107795013
64946387,2.4506398976611967
64971860,2.46775239321618
64996728,2.4680462441499524
65022146,2.467025216463234
65047132,2.445866757138581
65073460,2.450877720222201
65101275,2.4684283099685085
65126527,2.447381907389391
65152916,2.453489596067619
65180415,2.4258753568977545
65206188,2.4344041865353807
65231888,2.4511596502255975
65256601,2.4670079311141886
65302035,2.451399856972677
65328936,2.4494406520653547
65353037,2.4676266274007115
65378641,2.4675896725165454
65412595,2.46707230413822
65447652,2.4672785362337275
65482702,2.4666920264592203
65515260,2.468152936476819
65547832,2.4666824897149193
65581562,2.4678477606591893
65612758,2.4677827915886392
65646127,2.4674150308865346
65678525,2.467708285773788
65710908,2.4636766271205697
65743847,2.4682173095008504
65775459,2.468467052992231
65807801,2.4689635597423982
65841956,2.468772228809861
65872864,2.469690736495344
65906228,2.469818886496888
65938697,2.4698457085902343
65971877,2.4688473306712306
66004625,2.4678531250778586
66036414,2.4670454820448735
66069037,2.4686428867152794
66103235,2.4686154685754143
66134379,2.468169029732827
66169950,2.4679025969389197
66201875,2.468977268812331
66234061,2.4694248997479558
66266237,2.467923458567078
66297892,2.4677130541459387
66330644,2.4667808373905227
66364537,2.467261846931201
66395752,2.46736734716503
66430070,2.461046273833069
66462362,2.4678841194968366
66494737,2.467920478334484
66527406,2.467015679718933
66559075,2.4689230285791193
66591571,2.469249662071426
66626608,2.4546995705007997
66657330,2.4702706897581446
66690387,2.4698302113807453
66722923,2.470301088130604
66755537,2.469567354865951
66788250,2.468688186250709
66819901,2.4687507711351837
66851868,2.4681553206628943
66885363,2.469033297185099
66925159,2.4971792098497403
66970937,2.4389794396137523
67002743,2.456150347727579
67037616,2.4691238962559576
67072844,2.468868192299389
67106275,2.469106610906912
67138407,2.4694314562596626
67171996,2.4690315090455424
67203114,2.4682882390365886
67236324,2.4685093722950664
67268838,2.467136677162251
67301412,2.4645569878288494
67334163,2.464574273177895
67366491,2.4645784455035264
67399057,2.46375649735409
67433269,2.4640193538688844
67464248,2.4629756764144513
67497641,2.4633601264190825
67530310,2.463174755951733
67562652,2.4635192708396043
67595180,2.4632385329292457
67626564,2.4640217380549596
67659287,2.464598711085166
67692558,2.4648359375996516
67724405,2.465250785976742
67757082,2.4621573045441276
67789895,2.4647840815525153
67822443,2.465499337375085
67855066,2.465350325745383
67886727,2.4651721078362594
67918943,2.4650260764391514
67952212,2.464790638064222
67983429,2.4646308975971816
68015665,2.4650129634157376
68047734,2.4238839654784163
68079838,2.46063082940946
68116490,2.450324589052747
68148281,2.462833221296456
68181128,2.4495938360206884
68214499,2.465409930397264
68245667,2.4630901173460624
68278495,2.463645036655073
68311340,2.4636736468879756
68343819,2.4633535699073756
68376563,2.463017399670768
68408257,2.4652716476049004
68440428,2.4652489978371857
68473770,2.4624505594313812
68505025,2.465024288299595
68538071,2.465108330858747
68570080,2.4225947168582342
68622085,2.4528559986181255
68655088,2.4541214053775557
68687393,2.4530461374576253
68720238,2.453325087228428
68750843,2.4508276523146213
68783089,2.4494823753216712
68814992,2.4506500304520165
68846930,2.451409989763497
68879298,2.4676451048427945
68910325,2.466649111109866
68941955,2.4681851229888347
68975261,2.468933161369939
69006217,2.4654754955143328
69038467,2.4640026645663577
69070231,2.4987444280081306
69102411,2.462488110362066
69134457,2.4629089192043447
69169195,2.4635496692120635
69201162,2.46432154945392
69234370,2.463836963634129
69264915,2.4642929392210173
69297733,2.4633946971171734
69329960,2.463799412703444
69362315,2.463718946423405
69394520,2.463818486192046
69426383,2.464912827600578
69458423,2.465319331326405
69492450,2.465269263418825
69523286,2.4665382464573677
69556543,2.466291483198581
69588961,2.464688714109506
69622430,2.452674800476408
69655045,2.465288336907427
69686998,2.4634745673506937
69719880,2.463780935261361
69753707,2.464238698987806
69784702,2.463514502467454
69818072,2.463348801535225
69850373,2.4609395815062025
69882723,2.4622973754760475
69915094,2.4630239561824747
69946857,2.4621984317539254
69979232,2.463000710368241
70013187,2.4628660038549905
70044371,2.4629309729255406
70078114,2.4633261517675105
70118541,2.4603059840567094
70150827,2.441665225227502
70185487,2.4318131723181216
70216257,2.4523279014024615
70242058,2.445521646204191
70307572,2.4627605036211615
70330925,2.4635222510721984
70357392,2.4453112417830516
70383100,2.4472632941321484
70408669,2.462972696181857
70433720,2.4647125559702583
70458682,2.4641898231732635
70484650,2.4478939113490474
70511484,2.4449172550341194
70535743,2.4646839457373555
70561516,2.4633470133956687
70587084,2.4638107375873015
70613081,2.4285939250700386
70638764,2.446525388541864
70663328,2.463265355022592
70688437,2.422502329647819
70715376,2.463118727578965
70740086,2.4437984757183164
70765962,2.4453803831792333
70791362,2.4628415659477194
70816505,2.4635085420022658
70842544,2.422868302210367
70867622,2.4331340114038005
70893345,2.4471291836654165
70921001,2.4643793659662445
70953966,2.463321979441879
70989857,2.4646720248069793
71024142,2.465064223416355
71056306,2.4686583839247684
71088282,2.4682256541521137
71122743,2.4389442728691426
71154443,2.457783515189113
71187766,2.4571052142507095
71218380,2.4554118460907755
71250737,2.498609125448361
71282814,2.466491158782382
71314844,2.469924982777236
71346978,2.4640688257299455
71378353,2.4678102097285044
71409964,2.4682787022922876
71442744,2.4675729832140187
71473345,2.4693658911425937
71505811,2.4687704406703044
71537771,2.4684849343877953
71569933,2.468494471132096
71602228,2.467904385078476
71633362,2.4385222719338264
71665594,2.431780389759587
71699301,2.4307355202121164
71730039,2.4303242481141387
71762729,2.4298462188060546
71810352,2.4194732212392354
71842706,2.4192091726314033
71874910,2.4201539063637143
71906052,2.4154868621214463
71938094,2.412087608824683
71971368,2.4126681581340024
72002701,2.409264136465089
72035500,2.4089231978563306
72067529,2.4098989260076196
72099729,2.409739781587098
72132050,2.406373310848869
72163608,2.4083450327330866
72195750,2.413636137680547
72229088,2.4051085001359582
72260038,2.413616468145426
72292501,2.4158623714282954
72324718,2.4175032874945743
72356914,2.4166104098093997
72389092,2.4133506313980377
72420246,2.4164894123660816
72452182,2.415615608169509
72485397,2.4157902497995196
72516148,2.414173771640512
72548725,2.416441728644577
72580727,2.4169370433017066
72615841,2.411096979510424
72648226,2.415090491186439
72679515,2.41723029818896
72711428,2.4158677358469647
72744611,2.417348315399684
72775227,2.4140855567557282
72807954,2.449996167420884
72840232,2.426233580855558
72872294,2.428520611348225
72903938,2.4280753645986755
72935110,2.4270436080746185
72967182,2.426675847372514
73000569,2.426178744575828
73031194,2.426348617833688
73064355,2.4268796952819462
73096606,2.426367095275771
73129263,2.4264529259744796
73161954,2.4266579659769496
73199980,2.4271407636571842
73238538,2.4496123134627714
73272415,2.4154946107261908
73303749,2.4163439770154924
73336156,2.4138137595431517
73369192,2.413316060699947
73399785,2.410817433693103
73496491,2.4259123117819206
73528023,2.413368512793602
73562656,2.415938069336184
73597625,2.4257424385240602
73634822,2.4293646132188575
73670138,2.4295911108960047
73702933,2.428142717855301
73735672,2.4304112709058847
73767384,2.43086367021366
73799881,2.425624421313336
73833787,2.4298801934576266
73865223,2.4297818457820233
73898289,2.431000760912986
73930694,2.432644657211859
73963073,2.429306796706533
73995385,2.4313589848707897
74027294,2.4316117085947644
74060159,2.4309119499816836
74094019,2.4306318081178437
74127987,2.401772427770189
74160245,2.4167665739973274
74192662,2.418747236579327
74224671,2.4334719697799647
74256868,2.432146958368654
74288103,2.431062749750942
74320335,2.4310544050996787
74353647,2.431090763937326
74384232,2.4307134664909205
74416489,2.4261090071331273
74448470,2.429969600435448
74480578,2.4307230032352214
74512588,2.4315681971988914
74544024,2.4545797651505192
74576356,2.467270787628983
74609546,2.469706829751352
74640321,2.4700102174294254
74672740,2.4695530497494995
74704772,2.4699196183585665
74736952,2.469283636722998
74769306,2.4683883748517483
74800319,2.468365129037515
74832815,2.4679061732180325
74866429,2.4658176262161287
74897054,2.467774446937376
74929741,2.4694660269577535
74962120,2.4684289060150273
74994706,2.4687513671817025
75027074,2.46788233135728
75058443,2.469750341147225
75096617,2.459506089628469
75132351,2.435751251667887
75195716,2.4668958743686527
75221658,2.4496397316026366
75247397,2.4313685216150906
75273284,2.446500354588074
75298980,2.4671569427438906
75323182,2.4671509822787026
75349305,2.4679031929854385
75376565,2.4664834101776374
75401588,2.4432799152469533
75427895,2.466313536919777
75453278,2.468421157410283
75495308,2.4492207108999144
75520174,2.4688079916009893
75544755,2.4670711120451823
75570892,2.467920478334484
75599973,2.447920137395875
75625515,2.4478813943721525
75651645,2.468312080897341
75676713,2.466437514595689
75702918,2.4685528836909394
75728834,2.439412765432926
75754157,2.4506816209175133
75779844,2.4674221834447603
75806252,2.4675247034459953
75830458,2.467494901120055
75856937,2.4395939635746435
75885984,2.4470451411062646
75918211,2.4521377625629617
75950426,2.448047095304381
75982301,2.454306775844905
76015041,2.454077297935164
76048413,2.4565330095926536
76080068,2.4548485821305017
76112989,2.454760367245718
76145682,2.4557128495827736
76178662,2.4559774942371244
76211017,2.4561819381930756
76242866,2.4560013360978767
76275497,2.4566265888961065
76308763,2.459122831716875
76340347,2.455960804934598
76373094,2.4567887135492223
76405756,2.4555173463246045
76438438,2.4532672707161036
76470843,2.448535853449804
76502545,2.453365618391707
76534933,2.4557122535362548
76568633,2.4553713149274965
76599813,2.4553689307414213
76633383,2.4508204997563956
76667011,2.4462971027251603
76720315,2.4895408737112135
76751572,2.447774105998767
76783671,2.4601933312646547
76819024,2.497851550322956
76856179,2.499628961042042
76889294,2.4994906782496784
76923288,2.1088167558690016
76956179,1.2654383498952806
76989234,0.7835341433923415
77021715,0.4858929498068034
77053541,0.2992463468606886
77085807,0.1862991078256497
77120082,0.06660044987207053
77151045,0.07288337622682765
77183664,0.027858618242575912
77215560,0.024600031924251548
77247541,0.0
77279643,0.007277727994647979
77312142,0.03898323046961194
77345234,0.0
77378993,0.0
77410047,0.0
77442901,0.0
77475641,0.0
77508313,0.0
77540784,0.0
77572520,0.027717951264137182
77605124,0.02741813986517666
77638998,0.025078061232335715
77669999,0.027147534745637743
77702420,0.02711594428014091
77734703,0.02706706846559864
77766863,0.026642683344207208
77799241,0.02660334427396587
77830911,0.02676725706663812
77863526,0.026869777067873128
77896844,0.027002099395048548
77928246,0.0274717840518694
77960949,0.027487281261358413
77993647,0.027893188940666787
78026360,0.028131011501671254
78058874,0.027920011034013155
78090720,0.027662518937888018
78123377,0.027089122186794542
78156759,0.027662518937888018
78188529,0.02746880381927536
78221510,0.027406218934800497
78266812,0.026232603339267174
78299608,0.02606392217444446
78331350,0.025788548682755076
78363848,0.025909546126073137
78417571,0.027298334514896216
78447698,0.026775005671382628
78480432,0.026332143107908143
78515861,0.02700090730201093
78551439,0.02671122869387015
78587101,0.027303102887046682
78623439,0.02679765543909734
78656223,0.027682188473008688
78689677,0.027828219870116695
78721011,0.02709985102413309
78754067,0.027061108000410557
78786578,0.027285221491482436
78819126,0.027246478467759905
78851560,0.027311447538309996
78883432,0.026758316368856
78916537,0.02668440660052378
78950279,0.02682686171851894
78981487,0.026765468927081697
79014274,0.026920441021971823
79046968,0.026956799859619122
79079565,0.027310851491791188
79111922,0.027689937077753194
79143858,0.028210285688672745
79179488,0.028262141735809057
79213129,0.026559236831574063
79244646,0.027810934521071258
79277441,0.027541521494569957
79310255,0.02802789545391744
79342842,0.028211477781710362
79375370,0.02807021475675282
79406991,0.028074983128903285
79439655,0.027745965450521166
79473270,0.027739408938814276
79504270,0.02738595335316102
79537031,0.027213099862706643
79569706,0.02737939684145413
79602322,0.027163031955126756
79633901,0.02728700963103886
79665088,0.02699792706941689
79697032,0.02705097520959082
79730707,0.02714515055956251
79761887,0.02788842056851632
79794627,0.02785325382390664
79827074,0.028101805222249653
79859652,0.028463009412647417
79892065,0.028026703360879823
79923816,0.027779344055574424
79956664,0.027690533124272002
79990537,0.027795437311582245
80021434,0.027396682190499566
80054693,0.027338269631656364
80106068,0.026374462410743524
80136764,0.026607516599597526
80168723,0.02679407915998449
80198626,0.026497247993618012
80225254,0.025964978452322297
80252417,0.0271225007918478
80276656,0.02677142939226978
80301709,0.027916434754900306
80327778,0.02669811567045637
80353470,0.026975873348220984
80379176,0.02607941938393347
80404042,0.02784014080049286
80428752,0.027179721257653385
80455816,0.027680400333452263
80480603,0.02610624147727984
80506799,0.0267875226482776
80532629,0.02709985102413309
80557750,0.026875141486542402
80583287,0.02760231823948839
80608826,0.02573371240302472
80634595,0.026961568231769588
80661294,0.026000741243450788
80684875,0.027729872194513346
80711531,0.027130845443111114
80737816,0.02801716661657889
80763621,0.025982859847886543
80789143,0.027192238234548357
80813300,0.02722800102567685
80838426,0.027747157543558783
80865584,0.027169588466833646
80890380,0.026692751251787095
80917720,0.026481750784128996
80949589,0.026866796835279087
80981507,0.027110579861471636
81013685,0.027142766373487278
81045185,0.02760649056512005
81077485,0.02791464661534388
81111432,0.027866962893839227
81142389,0.027865174754282802
81175150,0.02762556405372191
81207268,0.027607682658157665
81239493,0.02752065986641167
81271563,0.027404430795244072
81303050,0.02717852916461577
81335450,0.02720713939751856
81369075,0.027068260558636256
81400304,0.02667785008881689
81432964,0.02653122264519008
81465130,0.026414397527503672
81497928,0.02661586125086084
81539032,0.026993754743785233
81583700,0.02572357961220498
81619100,0.02594471287068282
81653364,0.025975707289660845
81685049,0.026791694973909257
81718474,0.026879909858692867
81749564,0.026863220556166238
81780030,0.02632975892183291
81810364,0.02728462544496363
81841495,0.02789497708022321
81873848,0.027377012655378896
81906690,0.027758482427416138
81938172,0.026301744735448926
81970712,0.026348236363915964
82003068,0.023550394004630326
82035472,0.02275944027417186
82067983,0.02411902238357334
82099387,0.024133327500024736
82131911,0.024614933087221753
82165226,0.023925307264960678
82196227,0.026052597290587103
82229036,0.027695301496422468
82284576,0.024158957500333488
82316718,0.023722651448565894
82348882,0.024521353783768865
82380175,0.02816796638583736
82412167,0.030597451996499537
82445313,0.030580762693972908
82476221,0.029694441520505134
82508262,0.028824213603045178
82540536,0.027966502662480196
82572546,0.02631008938671224
82604404,0.024548771923634045
83012420,0.028510097087633263
83050059,0.026712420786907765
83087273,0.02655387241290479
83124935,0.02673328241506605
83157656,0.02720415916492452
83190762,0.027111175907990444
83221775,0.026796463346059722
83251695,0.027078989395974803
83282531,0.0264602931094519
83315657,0.02652764636607723
83347208,0.027214888002263068
83380431,0.02758682102999938
83413130,0.027693513356866043
83446004,0.027637484984098074
83478739,0.027880075917253007
83510946,0.028140548245972185
83543668,0.028442147784489127
83587388,0.026535394970821736
83633630,0.026442411713887656
83665613,0.02582013914825191
83698272,0.02645135241166978
83731512,0.026416781713578905
83764309,0.026663544972365495
83796387,0.026993158697266425
83829599,0.027202967071886904
83863644,0.027006867767199013
83895377,0.027724507775844072
83928685,0.027611258937270514
83961868,0.027733448473626195
83994752,0.027865174754282802
84027822,0.027953389639066413
84060207,0.028229955223793415
84093560,0.028371814295269762
84128180,0.02800166940708988
84160372,0.02815246917634835
84195294,0.02791524266186269
84233709,0.027706030333761015
84265738,0.02581060240395098
84297695,0.02666533311192192
84329063,0.02748847335439603
84361441,0.027779344055574424
84394336,0.02789259289414798
84425112,0.027458671028455617
84457464,0.027496818005659344
84489741,0.027258995444654877
84522263,0.027022364976688026
84554367,0.027120116605772567
84586166,0.02684653125363961
84623774,0.02648353892368542
84657563,0.027435425214222098
84688985,0.026841762881489144
84721139,0.026962164278288396
84753387,0.02640843706231559
84785711,0.026312473572787473
84817845,0.026522877993926764
84849199,0.026889446602993798
84881570,0.026959184045694355
84914850,0.026394131945864194
84945678,0.02689540706818188
84978307,0.027630928472391184
85010360,0.028424266388924882
85042783,0.02812624312952079
85074926,0.027526620331599753
85107197,0.02657056171543142
85140176,0.026642683344207208
85173135,0.027255419165542027
85207597,0.026634338692943894
85234807,0.02710938776843402
85269518,0.02709925497761428
85307663,0.026523474040445572
85333976,0.026863220556166238
85358426,0.02714157428044966
85384731,0.027502182424328617
85411681,0.025974515196623228
85436840,0.026689174972674246
85463217,0.02519488635002212
85488879,0.028046372896000493
85514756,0.026850107532752458
85540639,0.027276280793700314
85566155,0.025632980541346138
85592407,0.026192668222507026
85619549,0.02734601823640087
85643635,0.026262405665207586
85670171,0.027939680569133825
85696504,0.025587084959397908
85722602,0.02716839637379603
85748500,0.026436451248699575
85773119,0.026955607766581506
85799758,0.02666473706540311
85827448,0.025205019140841858
85852740,0.02685606799794054
85879076,0.026729706135953202
85904374,0.028039220337774794
85935802,0.026648047762876482
85968919,0.026493075667986355
86001014,0.025854709846342784
86034234,0.026229623106673133
86068131,0.026400688457571084
86100573,0.025857094032418017
86142463,0.025913122405185986
86174764,0.027480128703132715
86206898,0.02734303800380683
86238932,0.02685964427705339
86270364,0.026342275898727882
86302596,0.026692155205268287
86336407,0.02690852009159566
86367139,0.026388171480676112
86400045,0.02582371542736476
86432547,0.026240947990530488
86465223,0.026422146132248178
86497716,0.026518705668295107
86529507,0.027393105911386717
86562617,0.02731383172438523
86596939,0.026894811021663072
86639492,0.026654604274583372
86675280,0.027118328466216143
86707909,0.0270932945124262
86740451,0.02683699450933868
86772714,0.02611935450069362
86824543,0.02746105521453085
86855632,0.02673030218247201
86889067,0.027489665447433646
86920361,0.027185681722841467
86955736,0.026673081716666425
86991333,0.026631358460349853
87026153,0.02734005777121279
87058489,0.027641061263210923
87090456,0.027542713587607574
87123183,0.027288797770595286
87157231,0.02707660520989957
87191796,0.027610066844232898
87224295,0.027522448005968096
87256433,0.027108195675396404
87288880,0.02647102194679045
87321080,0.026506188691400135
87352460,0.02694130265013011
87385087,0.026798251485616147
87419006,0.026828053811556556
87452722,0.0264674456676776
87484848,0.02572775193783664
87516936,0.026025179150721927
87549085,0.026724937763802737
87580747,0.02738237707404817
87613890,0.027403834748725264
87648171,0.02615213705922807
87679185,0.02717137660639007
87711814,0.027884844289403472
87743985,0.028350952667111476
87776534,0.02767801614737703
87808797,0.027327540794317817
87840763,0.02730369893356549
87873255,0.0273263487012802
87907234,0.027436021260740906
87938473,0.02681076846251112
87971691,0.02674460729892341
88004255,0.027028325441876107
88036876,0.027242902188647056
88069242,0.02695739590613793
88100997,0.026180151245612054
88134281,0.02614498450100237
88178027,0.026630166367312236
88208898,0.027219656374413533
88240881,0.026794675206503298
88271459,0.02621054961807127
88302358,0.02730369893356549
88331955,0.026838782648895103
88356466,0.027779344055574424
88382292,0.02686918102135432
88409028,0.026170018454792315
88434245,0.025340917747130126
88479644,0.027084949861162885
88504553,0.02824426034024481
88534650,0.02685249171882769
88560385,0.02525389495538413
88585159,0.026039484267173323
88610230,0.02636611775948021
88637064,0.027759078473934946
88661957,0.026652816135026947
88687983,0.027005675674161397
88713696,0.025900009381772206
88739331,0.02768159242648988
88764671,0.026341679852209074
88789606,0.027026537302319683
88815543,0.02575636217073943
88842462,0.026724937763802737
88866716,0.02734303800380683
88892683,0.026453736597745012
88918909,0.02692818962671633
88945644,0.024976137277619513
88971664,0.02672434171728393
88997026,0.02684295497452676
89022398,0.028522018018009427
89056957,0.027206543350999753
89091653,0.026844743114083185
89130711,0.026506188691400135
89163780,0.02730012265445264
89196259,0.02776146266001018
89227943,0.027832392195748352
89257615,0.0273919138183491
89287944,0.02725839939813607
89319931,0.02715528335038225
89350288,0.02674758753151745
89390091,0.026375058457262332
89426497,0.02649128752842993
89458818,0.02690553985900162
89490731,0.02709627474502024
89521648,0.02730369893356549
89553871,0.027236345676940166
89586814,0.026968124743476478
89617510,0.02590895007955433
89649791,0.025659206588173698
89682170,0.026475790318940914
89714608,0.027265551956361767
89746718,0.02785265777738783
89778387,0.02795577382514165
89810622,0.02804100847733122
89851053,0.025930407754231423
89881948,0.02587259124190703
89914197,0.026111605895949113
89972307,0.02719462242062359
90003251,0.026445987993000505
90035018,0.02701104009283067
90068791,0.026150944966190453
90104247,0.026682022414448548
90142606,0.026409629155353206
90166331,0.02647102194679045
90193717,0.025535228912261596
90219681,0.02595424961498375
90245701,0.025348070305355824
90271301,0.027571919867029174
90295325,0.026629570320793428
90321140,0.028084519873204216
90348413,0.02541542356198115
90373167,0.026662948925846686
90399077,0.026608112646116334
90423854,0.027475956377501057
90449726,0.02717137660639007
90475506,0.025673511704625094
90500318,0.025946501010239244
90525863,0.026695731484381136
90552008,0.027047994976996777
90576796,0.026648047762876482
90602858,0.02660990078567276
90634033,0.024864080532083575
90660128,0.02493083774219009
90685579,0.02673030218247201
90709661,0.027143958466524894
90735740,0.028061870105489505
90762985,0.025123360767765137
90787749,0.02577364751978487
90813937,0.025508406818915225
90838977,0.027753714055265673
90871647,0.026899579393813537
90904325,0.026465061481602367
90936335,0.026549700087273132
90969295,0.02637923078289399
91003381,0.026653412181545755
91035236,0.02622068240889101
91068538,0.026334527293983376
91102116,0.027090910326350966
91135142,0.02654075938949101
91168282,0.025525692167960665
91201040,0.02599656891781913
91234178,0.026899579393813537
91268022,0.02618193938516848
91300317,0.02549410170246383
91334056,0.026134255663663824
91367336,0.026535394970821736
91400631,0.025958421940615407
91441969,0.027221444513969958
91485523,0.025621655657488782
91518189,0.025176408907939065
91552112,0.025538209144855637
91582333,0.026451948458188587
91614917,0.026317837991456747
91647418,0.026488307295835886
91679290,0.026479366598053763
91713394,0.02644419985344408
91746039,0.027387741492717443
91780057,0.026916268696340166
91811371,0.02729118195667052
91843853,0.02750754684299789
91876409,0.028074387082384477
91908617,0.02748787730787722
91941175,0.02742767660947759
91973819,0.027033093814026573
92006768,0.026816132881180392
92040987,0.027179721257653385
92073759,0.027351382655070144
92107259,0.02755046219235208
92141350,0.026711824740388957
92174720,0.026854875904902924
92207554,0.027084949861162885
92238974,0.02729416218926456
92271759,0.027111771954509253
92305945,0.026682618460967356
92336845,0.02635658101517928
92377340,0.02706647241907983
92415570,0.02767861219389584
92447639,0.026456716830339053
92479647,0.027243498235165864
92511169,0.02786636684732042
92543209,0.02718150939720981
92576385,0.026739242880254137
92607294,0.027084353814644076
92639357,0.02701402032542471
92671281,0.02676427683404408
92703503,0.0266420872976884
92735733,0.0262707503164709
92766959,0.02665162404198933
92798880,0.026775005671382628
92832310,0.0260961086864601
92863210,0.02697348916214575
92896261,0.027654174286624703
92928320,0.02808928824535468
92960759,0.02773821684577666
92993007,0.027340653817731597
93024504,0.02737224428322843
93056835,0.02698183381340907
93090773,0.026977661487777412
93142391,0.026873353346985977
93174093,0.027101043117170705
93212380,0.02674460729892341
93251532,0.0273335012595059
93283562,0.026442411713887656
93314631,0.02669811567045637
93346642,0.027033093814026573
93379904,0.027218464281375917
93410736,0.027750137776152824
93443017,0.02773166033406977
93475282,0.027534964982863067
93507645,0.02739250986486791
93539792,0.0270861419542005
93571348,0.026577714273657117
93603604,0.026640299158131975
93638052,0.026234391478823598
93668494,0.026375058457262332
93701060,0.02630353287500535
93733375,0.026279094967734215
93765643,0.026502612412287286
93797938,0.02659976799485302
93829730,0.027425888469921167
93862240,0.027483704982245564
93896313,0.02770126196161055
93927343,0.028097632896617996
93960891,0.027642849402767348
93993542,0.027256611258579644
94026432,0.027752521962228056
94059054,0.027920607080531963
94090574,0.027306083119640723
94122728,0.0269115003241897
94156756,0.027015212418462328
94187682,0.026816132881180392
94220524,0.02682984195111298
94253036,0.026718977298614655
94286062,0.02658665497143924
94319130,0.026035311941541666
94350382,0.026126507058919318
94382553,0.02629697636329846
94416651,0.026271942409508517
94447257,0.026818517067255625
94480199,0.0272315773047897
94513357,0.027350786608551336
94546660,0.027394298004424333
94579049,0.027748945683115207
94611007,0.02780318591632675