1655241116178884,d0,d1,d2,d3
19670,0.23730519262614164
48622,0.2358258051664597
74938,0.23222091582070778
98797,0.23477676329335728
124506,0.23245814233519344
148386,0.2363711877311692
173093,0.23239138512508692
197813,0.23668351610702468
221713,0.23258152396458673
245472,0.23347917002191187
294948,0.232804445362621
319539,0.2369916721572485
344687,0.23301127350464743
368443,0.23656609494281947
399177,0.2324402609396292
430710,0.233112005366326
460729,0.23295286094580422
492203,0.23739161937136882
526564,0.23556175655862768
558139,0.23581507632912116
591333,0.23648682075581798
624229,0.2376294419323733
657099,0.23802283263478669
689802,0.23786845658641537
721666,0.23560049958235021
753736,0.23566010423423103
788901,0.23582282493386567
820922,0.2360654158670206
854409,0.23605409098316324
886545,0.23507895887839303
919705,0.23458483631430105
953525,0.23532810632325485
985589,0.233068493970453
1015989,0.2317422904661048
1050142,0.23402872491225302
1080456,0.23311617769195767
1114306,0.23111107720268692
1146956,0.23104908836473087
1180866,0.23100378882930145
1212540,0.23162129302278675
1243430,0.23245098977696774
1274468,0.23560944028013234
1305618,0.23562434144310254
1333823,0.23468199189686678
1363742,0.23161592860411748
1393056,0.23216190721534577
1423572,0.2361971421476772
1454096,0.23770513984026193
1485122,0.2345079463133748
1520615,0.2346402686405502
1554939,0.23539724771943663
1585989,0.23491802631831482
1617369,0.23405256677300534
1648965,0.23249330907980312
1680353,0.23322287001882433
1713733,0.23098054301506793
1745937,0.23066642649965602
1777789,0.23282471094426047
1811708,0.23299637234167722
1843308,0.23451986724375096
1876485,0.2337360660715182
1924810,0.23567738958327647
1958599,0.23649218517448725
1992748,0.23680391750382393
2027647,0.23595455121452227
2062357,0.23294213210846568
2097627,0.2319896497714102
2130891,0.23198309325970332
2165132,0.23305895722615208
2196070,0.23218813326217333
2226714,0.23172202488446533
2257261,0.2350700181806109
2287605,0.23639085726628986
2319450,0.23503663957555765
2353346,0.2354747337668817
2385004,0.23323955932135096
2418347,0.23269775303575432
2450195,0.23224773791405415
2482901,0.23306432164482135
2515638,0.23337068955548876
2547933,0.2327472248968154
2579724,0.23184898279297148
2614177,0.23156407255698117
2645963,0.23232283977542398
2679196,0.23216905977357147
2711085,0.23290398513126195
2743762,0.23300352489990292
2776460,0.2339256088644992
2808516,0.23605409098316324
2840294,0.23685636959747905
2874150,0.23662271936210624
2905758,0.23722889867173416
2938880,0.23690762959809655
2970674,0.23562672562917777
3003672,0.23548665469725785
3036414,0.23489060817844964
3068486,0.23370387955950256
3100417,0.23258927256933123
3134169,0.23204448605114056
3165744,0.2328336516420426
3198932,0.2328568974562761
3230661,0.23266258629114464
3263346,0.23156347651046236
3296258,0.23212495233117966
3328307,0.23193600558471747
3360072,0.23343267839344484
3394051,0.2330673018774154
3425610,0.235818652608234
3458741,0.2357387823747137
3490559,0.2365750356406016
3523329,0.2368748470395621
3556099,0.23734870402201463
3613642,0.2368390842484336
3650587,0.23241761117191448
3686893,0.2338463346774977
3718797,0.23436012677671036
3751453,0.23384156630534725
3783054,0.23268344791930293
3815448,0.23275318536200348
3847737,0.23297551071351894
3879247,0.23208620930745713
3911905,0.23266258629114464
3948044,0.23231270698460424
3982077,0.23164453883702027
4016400,0.2327180186173938
4048085,0.23290458117778076
4080623,0.23284616861893756
4113368,0.2317482509312929
4145233,0.23177328488508284
4177000,0.23302021420242955
4210820,0.23282530699077927
4242223,0.23582342098038447
4275219,0.23584189842246753
4307059,0.23665490587412188
4339649,0.23689213238860754
4372288,0.23713472332176247
4404237,0.23525479260144144
4435902,0.23465815003611445
4469600,0.2350616735293476
4501104,0.23321690955363625
4534097,0.23236456303174055
4565788,0.2327317276873264
4598511,0.23288729582873532
4632172,0.23280802164173384
4664425,0.23275556954807872
4696263,0.2316689767442914
4730018,0.2318293132578508
4761411,0.2322149553555197
4794476,0.23236515907825936
4827642,0.23256066233642844
4861973,0.23131909743775098
4895327,0.23174586674521766
4928657,0.23163559813923815
4961951,0.23179712674583516
4994460,0.23213389302896179
5027657,0.2314502276718888
5061978,0.23216131116882696
5093869,0.23242893605577183
5128552,0.23148956674213014
5161795,0.23173633000091673
5195083,0.23173036953572865
5228529,0.2316898383724497
5261055,0.2320987262843521
5314550,0.23277106675756773
5349873,0.2324414530326668
5381993,0.2328425923398247
5415756,0.23265483768640013
5448953,0.23268404396582174
5482260,0.23262861163957257
5515607,0.23260298163926382
5548288,0.23279610071135767
5581520,0.23281577024647834
5616515,0.2325284758244128
5648818,0.23275318536200348
5682545,0.23240986256716997
5715795,0.23228409675170145
5749116,0.23251595884751783
5782109,0.23249628931239716
5814339,0.23283842001419305
5847315,0.23260357768578263
5881331,0.23283663187463663
5913089,0.23219528582039903
5946455,0.2323460855896575
5979324,0.23133936301939045
6012263,0.23189726256099494
6045229,0.2320981302378333
6077421,0.23181560418791822
6110286,0.23247900396335172
6144402,0.23175242325692455
6176164,0.23309412397076176
6209499,0.23310962118025078
6242499,0.23332479397354053
6275421,0.23443344049852377
6308303,0.23553612655831893
6340536,0.23587408493448317
6373336,0.23623052075273046
6407368,0.23563030190829062
6439206,0.23665311773456546
6472630,0.23649993377923176
6505499,0.23686471424874236
6539883,0.23700001680851182
6572852,0.23617270424040607
6605317,0.23685636959747905
6639545,0.23566666074593792
6673869,0.2356803698158705
6705755,0.23643198447608763
6739320,0.23631635145143884
6772203,0.23651185470960792
6805091,0.23695233308700717
6838555,0.2369326635518865
6870744,0.2355623526051465
6903598,0.23469391282724295
6937807,0.23635271028908614
6969580,0.23539665167291782
7025552,0.2335602323484698
7058414,0.2346754353851599
7091386,0.23532214585806677
7140478,0.23557308144248504
7172803,0.23612859679801426
7205632,0.2364957614536001
7239775,0.2359634919123044
7271532,0.23676040610795093
7304844,0.23667636354879898
7337696,0.23596706819141725
7370533,0.23515167655368763
7403426,0.23464801724529472
7435715,0.2348137181775234
7468528,0.23426595142673867
7502591,0.23504498422682096
7534423,0.23339453141624109
7567761,0.2334368507190765
7600992,0.23333313862480384
7648872,0.23194852256161244
7690936,0.23514571608849955
7723168,0.23585024307373084
7756019,0.23599508237780123
7790056,0.2354532760922046
7821924,0.2363866849406582
7855268,0.2364737077324042
7888560,0.2366787477348742
7921488,0.23668947657221276
7954424,0.2365899368035718
7986604,0.234814910270561
8019330,0.2350986284135137
8053515,0.23459020073297032
8085281,0.23446264677794537
8119011,0.23437562398619938
8152496,0.23483875213131333
8186146,0.23480239329366603
8219095,0.2351933998100042
8251366,0.23404660630781726
8284146,0.23352625769689772
8318239,0.23417892863499268
8350149,0.23282292280470404
8383426,0.23272338303606308
8416233,0.23192825697997296
8449312,0.23220601465773757
8482278,0.23218276884350406
8514508,0.23242953210229064
8575562,0.23286166582842657
8610762,0.23167016883732902
8642822,0.2324050941950195
8676288,0.2322525062862046
8709197,0.2326661625702575
8742165,0.23296895420181205
8775016,0.23386838839869362
8807266,0.23534300748622505
8840144,0.23556771702381576
8874153,0.23521247329860606
8905947,0.23606958819265225
8939346,0.2361756844730001
8972223,0.2361893935429327
9005143,0.23640575842926007
9038200,0.23673358401460456
9070433,0.23556175655862768
9103287,0.23460689003549695
9137366,0.23614349796098447
9169196,0.23517015399577068
9202607,0.2354383749292344
9235482,0.23501279771480532
9268399,0.23451867515071334
9301254,0.23393812584139417
9333426,0.23311260141284482
9366349,0.2319968023296359
9400310,0.23323002257705003
9432118,0.23213985349414987
9465465,0.23200216674830518
9498373,0.23216727163401504
9531316,0.232251314193167
9564216,0.2324110546602076
9596476,0.23224177744886607
9630874,0.23178699395501542
9665200,0.2321780004713536
9697136,0.23224535372797891
9730541,0.23250761419625451
9763488,0.23241701512539567
9799793,0.23264768512817444
9832958,0.23219945814603069
9866193,0.2319306411660482
9899333,0.23166599651169736
9931784,0.23217978861091002
9964987,0.23214462186630033
9999226,0.23165228744176478
10031372,0.23182692907177557
10065177,0.23223462489064037
10098394,0.23198368930622212
10131547,0.23207130814448693
10164791,0.23201408767868134
10197312,0.23234906582225154
10238172,0.236576823780158
10286142,0.23453596049975878
10318172,0.23436608724189845
10351591,0.23458722050037628
10384693,0.2344352286380802
10417823,0.2338958065385588
10451000,0.2339691202603722
10483476,0.23326757350773494
10516615,0.23293438350372117
10550959,0.23435655049759752
10583072,0.23334625164821762
10617001,0.23327591815899826
10650366,0.23237409977604148
10683637,0.2326816597797465
10716801,0.23409607816887834
10749222,0.2330392876910314
10782330,0.2320915737261264
10816611,0.23185255907208432
10848583,0.23111226929572454
10882091,0.2328062335021774
10915177,0.23337724606719565
10948343,0.23248794466113384
10981640,0.2314502276718888
11014082,0.23189905070055136
11047188,0.23241582303235805
11081442,0.23263516815127946
11113653,0.2327466288502966
11148250,0.23184659860689624
11181585,0.23179116628064708
11214775,0.2319532909337629
11249037,0.2319598474454698
11281612,0.2319461383755372
11314710,0.23181918046703107
11349025,0.23145976441618973
11381114,0.23148837464909253
11414724,0.23123684301815545
11447853,0.23161354441804224
11481100,0.2317631520942631
11514244,0.2317559995360374
11546658,0.23155751604527428
11579829,0.23142042534594837
11614459,0.23177388093160164
11646759,0.23223581698367798
11680406,0.23184481046733982
11714100,0.23136201278710516
11748534,0.2306950367325588
11783085,0.23052397138166086
11816661,0.2327323237338452
11851341,0.2340346853774411
11885978,0.2356875223740962
11916970,0.2343416493346273
11970130,0.2360219044711476
12002503,0.23695114099396955
12034291,0.23426416328718225
12065655,0.23355606002283813
12097994,0.23108961952800983
12131150,0.2310365713878359
12165615,0.23153605837059718
12197731,0.23247900396335172
12231261,0.23217263605268432
12264356,0.2313131369725629
12297631,0.23080470929201952
12331158,0.2315807618595078
12363709,0.23281815443255358
12396810,0.23288073931702843
12431055,0.2315658606965376
12463117,0.231263069064983
12496720,0.2317190446518713
12529791,0.23267867954715246
12563140,0.23296716606225562
12597398,0.23180427930406086
12632478,0.23044052486902772
12666704,0.23200097465526756
12699044,0.23365917607059195
12730250,0.23148777860257372
12766065,0.23297491466700013
12794604,0.23153307813800314
12822327,0.23033323649564225
12852856,0.2331406155992288
12881066,0.23374619886233794
12907491,0.2324772158237953
12934701,0.27211609746409626
12959909,0.23236694721781578
12986812,0.23113253487736402
13012772,0.23451807910419453
13039315,0.23199024581792901
13065349,0.23549261516244593
13091240,0.23231866744979232
13117247,0.23451688701115692
13144955,0.23407640863375767
13170252,0.2307242430119804
13196660,0.23455443794184183
13223090,0.23216548349445862
13249164,0.23562255330354612
13275907,0.2321416416337063
13301890,0.23253384024308207
13328157,0.23391428398064185
13355622,0.23106696976029512
13380439,0.23545983260391148
13407453,0.23232939628713087
13433460,0.2349317353882474
13460207,0.2330452481562195
13512345,0.23162963767405007
13543825,0.2318501748860091
13576080,0.2319968023296359
13611873,0.23124280348334353
13645262,0.23086610208345676
13680091,0.2314800299978292
13712400,0.23179653069931636
13744546,0.23236277489218413
13777170,0.23119809999443292
13809706,0.2301687276564512
13841559,0.23026826742509215
13874184,0.23080053696638786
13906217,0.23558083004722954
13940136,0.2362036986593841
13973458,0.2361750884264813
14006735,0.23536088888178933
14040199,0.23436072282322917
14073229,0.2336705009544493
14106652,0.2353316826023677
14141958,0.2323824444273048
14174202,0.23323419490268169
14207772,0.23153307813800314
14240945,0.2316326179066441
14274385,0.23328903118241204
14308421,0.2328121939673655
14341123,0.23252251535922472
14374731,0.2316099681389294
14409639,0.23035469417031934
14445502,0.23230734256593497
14479810,0.2325213232661871
14514125,0.2315074481376944
14550376,0.23071768650027352
14586217,0.23408236909894575
14619962,0.23580196330570738
14653758,0.23720624890401945
14686607,0.23601594400595952
14719987,0.23574235865382656
14754457,0.23600521516862097
14786893,0.2372527405324865
14822062,0.23633065656789023
14857222,0.2351123374834463
14892714,0.2317714967455264
14925265,0.23030522230925826
14957088,0.2325582781503532
14989511,0.23384216235186606
15023427,0.23233416465928133
15055176,0.23479822096803438
15088539,0.2352005523682299
15121414,0.23588958214397218
15153934,0.23590925167909285
15207612,0.23122849836689213
15239233,0.2339613716556277
15272181,0.23531439725332226
15305987,0.23463550026839974
15337392,0.23550155586022806
15370513,0.23567738958327647
15403344,0.23581686446867758
15436005,0.2365184112213148
15468718,0.23700180494806825
15500986,0.23456397468614276
15533442,0.23468616422249844
15567268,0.23510995329737105
15599039,0.23375990793227053
15633926,0.2335173169991156
15666548,0.2342599909615506
15699071,0.23403885770307276
15731314,0.2316969909306754
15763043,0.23102703464353497
15795238,0.2312773741814344
15829986,0.23173871418699196
15862578,0.23181322000184298
15896570,0.23203673744639605
15929947,0.23179116628064708
15963381,0.2317643441873007
15996951,0.23165288348828358
16029689,0.23203614139987724
16063187,0.23203435326032082
16097895,0.2316022195341849
16130215,0.23153188604496552
16164135,0.2315819539525454
16197738,0.23148539441649849
16231266,0.23155513185919904
16264681,0.23162665744145602
16297587,0.2314865865095361
16330627,0.23152830976585267
16364904,0.2314365186019562
16396967,0.2313059844143372
16433105,0.23109677208623552
16468821,0.2336275856050951
16504771,0.23641171889444815
16540448,0.23611071540245002
16575575,0.23450615817381837
16610757,0.23022237184314392
16645237,0.23155751604527428
16677358,0.23042741184561394
16712000,0.2311390913890709
16747793,0.23120048418050815
16783625,0.2306294716154899
16819600,0.2357089800487733
16854747,0.236707357967777
16890532,0.23568871446713383
16965101,0.23219111349476737
16997178,0.23136320488014278
17033454,0.23216190721534577
17069288,0.2342385332868735
17105115,0.23704352820438482
17139153,0.2354032081846247
17171923,0.23588600586485933
17205084,0.23568573423453978
17239428,0.23556712097729696
17271643,0.23562732167569658
17305178,0.23561540074532042
17340942,0.23585322330632488
17376858,0.23217382814572193
17412642,0.2303147590535592
17447746,0.231365589066218
17483451,0.23066761859269364
17520445,0.23528459492738185
17555127,0.23781421635320382
17591585,0.23555698818647722
17626408,0.23007216812040426
17659777,0.23117962255234986
17693010,0.23164275069746385
17725496,0.23094418417742063
17758532,0.2304464853342158
17792828,0.23041370277568135
17826406,0.23159685511551562
17862673,0.23077252278000387
17898462,0.23144545929973834
17932288,0.23242357163710256
17965424,0.23275556954807872
17997890,0.23143175022980572
18031105,0.2309787548755115
18065372,0.2328270951303357
18097406,0.23087742696731411
18131001,0.2307307995236873
18164058,0.23143353836936215
18197216,0.23142698185765526
18230405,0.23126604929757705
18262824,0.23155453581268023
18296017,0.23166242023258451
18330352,0.23121359720392193
18362328,0.23159149069684634
18395836,0.23175897976863144
18428945,0.23194673442205602
18462053,0.23167434116296068
18495129,0.23119571580835768
18527599,0.23107710255111485
18560650,0.231465128834859
18594917,0.2324265518696966
18628080,0.2313566483684359
18662168,0.23107471836503962
18710378,0.2302420413782646
18743774,0.23126545325105824
18776837,0.23089232813028432
18809265,0.2309572972008344
18842390,0.229659703929389
18876632,0.2299660718400564
18908665,0.23094776045653348
18942079,0.23106041324858823
18975121,0.23096981417772938
19022786,0.2345735114304437
19055138,0.23567560144372005
19087553,0.23657265145452636
19120650,0.23679616889907942
19154935,0.235657124001637
19186862,0.23636820749857515
19220442,0.23691299401676583
19253466,0.23697557890124069
19286586,0.23669722517695727
19319716,0.23678186378262803
19358212,0.23112240208654428
19390603,0.23262086303482807
19423124,0.23371043607120945
19455596,0.2356505674899301
19487319,0.23600521516862097
19519779,0.23682001075983175
19553446,0.23703101122748985
19584847,0.23600461912210216
19617940,0.23479822096803438
19650614,0.2351790946935528
19683154,0.23455324584880421
19715793,0.2338314335145275
19747609,0.23137631790355656
19780023,0.23139658348519604
19813726,0.23128333464662248
19845177,0.23164155860442623
19878298,0.23163321395316291
19910797,0.23135247604280423
19943301,0.23015025021436814
19975887,0.2312410153437871
20007694,0.2316612281395469
20040304,0.23266139419810702
20074228,0.2313578404614735
20105728,0.23528995934605113
20139375,0.2352232021359446
20171978,0.23582401702690328
20204624,0.23616495563566156
20237294,0.23641291098748576
20269170,0.2373093649517733
20301655,0.23578706214273717
20335300,0.23691657029587868
20375781,0.2313792981361506
20423207,0.2329957762951584
20456910,0.23527505818308092
20489464,0.23294094001542806
20522018,0.23537102167260907
20553886,0.2366477533158962
20586348,0.2371156498331606
20620498,0.23601296377336548
20652416,0.2368450447136217
20685707,0.2369106098306906
20718530,0.23592355679554425
20751495,0.23532572213717962
20784331,0.2348870318993368
20816532,0.2345878165468951
20849332,0.2335822860696657
20883418,0.23464324887314425
20915180,0.23275020512940944
20948545,0.23313703932011595
20981310,0.23248258024246457
21014114,0.2306002653360683
21047027,0.2311235941795819
21079161,0.23131909743775098
21112000,0.2317643441873007
21145934,0.2314019479038653
21177657,0.23138347046178226
21210959,0.23136856929881205
21243719,0.23100974929448953
21276524,0.23002090811978676
21309306,0.23096683394513534
21341412,0.23102047813182808
21374155,0.23181322000184298
21408167,0.23082676301321542
21439866,0.23253920466175135
21473149,0.2326751032680396
21505898,0.23485961375947162
21538732,0.23602667284329806
21571622,0.23547831004599454
21603958,0.23595753144711631
21637820,0.23576202818894723
21672165,0.23598792981957553
21704021,0.23695352518004478
21737422,0.23600581121513978
21770277,0.2359640879588232
21803194,0.23614111377490923
21835917,0.23727300611412597
21867766,0.23592236470250663
21900281,0.2355271858605368
21934030,0.2343476097998154
21967648,0.2331769744368761
22003916,0.2374637410001446
22039618,0.23649397331404368
22092315,0.23090007673502883
22126365,0.23056927091709029
22158925,0.23084464440877966
22194714,0.23039999370574876
22231905,0.23094656836349586
22265661,0.23298921978345152
22299001,0.23429098538052862
22331894,0.2337426225832251
22364830,0.23297193443440609
22397693,0.23181739232747464
22429869,0.23106875789985154
22462677,0.23146691697441543
22496735,0.23169579883763777
22528481,0.2317351379078791
22561719,0.2314490355788512
22594501,0.23141208069468505
22627769,0.231785205815459
22660873,0.23220482256469996
22693054,0.23027422789028024
22725927,0.23003223300364412
22759948,0.22967520113887802
22791672,0.23022415998270035
22825072,0.2306431806854225
22858014,0.2302795923089495
22890847,0.23039284114752306
22923725,0.23117246999412416
22955839,0.23363116188420796
22988599,0.2356148046988016
23022717,0.23269775303575432
23054373,0.23589435051612265
23087703,0.23570480772314165
23121021,0.2363574786612366
23154633,0.23521008911253083
23187417,0.2361166758676381
23219275,0.23739400355744406
23251770,0.23781004402757216
23285468,0.23750963658209284
23316863,0.23550990051149137
23349844,0.23656311471022543
23382244,0.23491325794616436
23414813,0.23337724606719565
23447419,0.23169162651200612
23479207,0.23039164905448545
23511631,0.23140254395038412
23545194,0.23109856022579195
23576651,0.23034754161209364
23610935,0.22678318342962067
23643498,0.23040893440353089
23676072,0.22561612434579426
23708723,0.22432329944649929
23740483,0.22433760456295068
23792624,0.22496881782636854
23827060,0.2312982358095927
23858380,0.22480788526629034
23891354,0.22308531082693467
23923800,0.2244037657265384
23956251,0.22737386552975958
23988833,0.22951784485791266
24020639,0.23734333960334536
24053064,0.23977520940008276
24086762,0.2390653179961822
24121091,0.23694875680789432
24153711,0.23872497543394272
24186360,0.2407259035975818
24219086,0.242297678267679
24251063,0.24539592807244398
24283640,0.23925724497523843
24317359,0.24034741405813861
24348874,0.23640933470837291
24381916,0.23630502656758148
24414521,0.23522677841505746
24447160,0.23401143956320758
24479746,0.2297532832328419
24511573,0.2285182748458713
24544180,0.22959652299839534
24577870,0.23226859954221243
24609496,0.23037972812410928
24643656,0.23089471231635955
24676765,0.2287656341511767
24709722,0.22782805297709144
24742886,0.22806408739853948
24775192,0.22700670087417374
24808132,0.225147631782011
24842244,0.22314253129274025
24874125,0.22286775384756968
24907636,0.22428634456233318
24940585,0.22636058644778567
24973502,0.2269751104086769
25007053,0.22648456412369777
25039489,0.22663595993947505
25072553,0.22813501693427765
25106746,0.22734406320381917
25138644,0.23018958928460947
25172386,0.22934975973960872
25205332,0.22873046740656702
25238466,0.2312261141808169
25271492,0.23452701980197665
25303754,0.2384168193837189
25336682,0.23818257310182728
25370877,0.2363360209865595
25402530,0.24160089988719224
25435603,0.24213912989367603
25488606,0.23128333464662248
25524222,0.22843482833323817
25559683,0.22430124572530338
25593566,0.2242291240965276
25626546,0.23032608393741655
25660468,0.23107650650459605
25691970,0.22470119293942367
25724946,0.2245861559612937
25757888,0.22370758339257044
25790594,0.2239460020000937
25823180,0.2258461983020542
25855209,0.22921386113332046
25887740,0.23336532513681948
25921718,0.22909822810867167
25953197,0.23766103239787012
25986327,0.23890378938958517
26018860,0.2412414838363509
26051470,0.2439564757295222
26084064,0.2418601801228738
26115984,0.23826184728882877
26149789,0.23762050123459116
26183867,0.24041476731476394
26215494,0.23871126636401013
26248792,0.2387517975272891
26281381,0.23671212633992747
26314051,0.23433688096247685
26346768,0.23299160396952676
26378674,0.23055913812627055
26411413,0.23066404231358079
26445207,0.23064079649934727
26476838,0.23081484208283926
26509882,0.23083689580403516
26542500,0.22870483740625827
26575426,0.22405150223392276
26611063,0.22427859595758867
26643452,0.23101213348056476
26676452,0.23103239906220424
26710659,0.23075762161703367
26742525,0.22617461993391752
26776138,0.22911670555075472
26809104,0.2250963717813935
26842157,0.2249223261979015
26875269,0.22531392876075848
26907648,0.22430839828352908
26940569,0.22372904106724753
26974777,0.2249431878260598
27006610,0.2260428936532609
27040081,0.2259320290007626
27073008,0.2258807690001451
27105999,0.22642317133226053
27146732,0.2326238432674221
27192364,0.2268499406397272
27225331,0.22501530945483558
27259505,0.2304905927766076
27291429,0.22475066480048475
27324953,0.22481742201059127
27357886,0.22577586481283485
27390813,0.22509160340924303
27423769,0.22473635968403335
27456058,0.22666695435845308
27488961,0.227767256232173
27522896,0.2254545957391972
27554435,0.22935273997220276
27587624,0.2308547771995994
27621190,0.23582699725949732
27655227,0.2281964097257149
27688314,0.22868039949898714
27720854,0.23487511096896063
27753881,0.23560049958235021
27788028,0.22970500346481842
27819890,0.2378058717019405
27853347,0.23699703657591778
27886290,0.2381760165901204
27919428,0.23871126636401013
27952495,0.23920598497462092
27984805,0.24286690269314082
28017821,0.24347248595624996
28052013,0.24106565011330247
28083822,0.24215045477753339
28117310,0.24364772363277956