1655239290828268,d0,d1,d2,d3
18920,0.0
55320,0.0
85013,0.0
110265,0.0
137331,0.0
162016,0.0
186969,0.0
211734,0.0
237520,0.0
269532,0.0
299217,0.0
322743,0.0
347640,0.0
372372,0.0
397285,0.0
421663,0.0
445581,0.0
470481,0.0
496179,0.0
519456,0.0
550566,0.0
581364,0.0
612262,0.0
644999,0.0
678926,0.0
714094,0.0
748417,0.0
779073,0.0
811274,0.0
845970,0.0
880580,0.0
914948,0.0
946527,0.0
984984,0.0
1018972,0.0
1048796,0.0
1081226,0.0
1113890,0.0
1148490,0.0
1192086,0.0
1254516,0.0
1285218,0.0
1318366,0.0
1351633,0.0
1387470,0.0
1422266,0.0
1455135,0.0
1487436,0.0
1518962,0.0
1553372,0.0
1589421,0.0
1624328,0.0
1657466,0.0
1690148,0.0
1721502,0.0
1754347,0.0
1786383,0.0
1819363,0.0
1858030,0.0
1891227,0.0
1925757,0.0
1960806,0.0
1999902,0.0
2034351,0.0
2064584,0.0
2096488,0.0
2129942,0.0
2163589,0.0
2198985,0.0
2234705,0.0
2266404,0.0
2297741,0.0
2328762,0.0
2363886,0.0
2399922,0.0
2433425,0.0
2469348,0.0
2501679,0.0
2534597,0.0
2566153,0.0
2602836,0.0
2635387,0.0
2671106,0.0
2704070,0.0
2738777,0.0
2770562,0.0
2802960,0.0
2834958,0.0
2865935,0.0
2897758,0.0
2951632,0.0
2985082,0.0
3020427,0.0
3056171,0.0
3090820,0.0
3125893,0.0
3158068,0.0
3190419,0.0
3224232,0.0
3257020,0.0
3292211,0.0
3327364,0.0
3361190,0.0
3396411,0.0
3431645,0.0
3464371,0.0
3497847,0.0
3528851,0.0
3563448,0.0
3598356,0.0
3633238,0.0
3665832,0.0
3697683,0.0
3730261,0.0
3766121,0.0
3799148,0.0
3836562,0.0
3870057,0.0
3902326,0.0
3934471,0.0
3966159,0.0
3997648,0.0
4037066,0.0
4067830,0.0
4104958,0.0
4138162,0.0
4171657,0.0
4207848,0.0
4240760,0.0
4266705,0.0
4293842,0.0
4318418,0.0
4344712,0.0
4374819,0.0
4400878,0.0
4425979,0.0
4451212,0.0
4477163,0.0
4504412,0.0
4529263,0.0
4555688,0.0
4602025,0.0
4629218,0.0
4655232,0.0
4680455,0.0
4705458,0.0
4732186,0.0
4756817,0.0
4782559,0.0
4808409,0.0
4838022,0.0
4862392,0.0
4887101,0.0
4912624,0.0
4939042,0.0
4972070,0.0
5006968,0.0
5043714,0.0
5074926,0.0
5104357,0.0
5136490,0.0
5164438,0.0
5191509,0.0
5215869,0.0
5242567,0.0
5268328,0.0
5293741,0.0
5319397,0.0
5345723,0.0
5370867,0.0
5397099,0.0
5421909,0.0
5447983,0.0
5473556,0.0
5499923,0.0
5526774,0.0
5552547,0.0
5578738,0.0
5606160,0.0
5630440,0.0
5656557,0.0
5682327,0.0
5708089,0.0
5734075,0.0
5758284,0.0
5783265,0.0
5810014,0.0
5834541,0.0
5862866,0.0
5896263,0.0
5929909,0.0
5962682,0.0
6014832,0.0
6045133,0.0
6079510,0.0
6111817,0.0
6145735,0.0
6179284,0.0
6213954,0.0
6246068,0.0
6277971,0.0
6310564,0.0
6344097,0.0
6374801,0.0
6407584,0.0
6440482,0.0
6883803,0.0
6920723,0.0
6955471,0.0
6987316,0.0
7021952,0.0
7052418,0.0
7085092,0.0
7116991,0.0
7149972,0.0
7182230,0.0
7213638,0.0
7245821,0.0
7279994,0.0
7310753,0.0
7344091,0.0
7376289,0.0
7410194,0.0
7442949,0.0
7480536,0.0
7514630,0.0
7548359,0.0
7578872,0.0
7611105,0.0
7643133,0.0
7675173,0.0
7707190,0.0
7738520,0.0
7778281,0.0
7836750,0.0
7868545,0.0
7903510,0.0
7938678,0.0
7971418,0.0
8004215,0.0
8035382,0.0
8068409,0.0
8102322,0.0
8133181,0.0
8166289,0.0
8198542,0.0
8231044,0.0
8263205,0.0
8294737,0.0
8326884,0.0
8361584,0.0
8392044,0.0
8426837,0.0
8459066,0.0
8491534,0.0
8524087,0.0
8556827,0.0
8591471,0.0
8627958,0.0
8660762,0.0
8693260,0.0
8725663,0.0
8758162,0.0
8790558,0.0
8822200,0.0
8854831,0.0
8888335,0.0
8919572,0.0
8952384,0.0
8984701,0.0
9017087,0.0
9049529,0.0
9081196,0.0
9113675,0.0
9147109,0.0
9178411,0.0
9211653,0.0
9244029,0.0
9276534,0.0
9308902,0.0
9340660,0.0
9373394,0.0
9406916,0.0
9438199,0.0
9491723,0.0
9541525,0.0
9576293,0.0
9610709,0.0
9644497,0.0
9677146,0.0
9710871,0.0
9740605,0.0
9773100,0.0
9806235,0.0
9839100,0.0
9875267,0.0
9907269,0.0
9941408,0.0
9973169,0.0
10002034,0.0
10034538,0.0
10068099,0.0
10099261,0.0
10134191,0.0
10163700,0.0
10211922,0.0
10238832,0.0
10263824,0.0
10289114,0.0
10315218,0.0
10341614,0.0
10367805,0.0
10392794,0.0
10417879,0.0
10445254,0.0
10470252,0.0
10496553,0.0
10522935,0.0
10549033,0.0
10574586,0.0
10599942,0.0
10625964,0.0
10653133,0.0
10677635,0.0
10702793,0.0
10728896,0.0
10754957,0.0
10780808,0.0
10805626,0.0
10830303,0.0
10857127,0.0
10889950,0.0
10925060,0.0
10960153,0.0
10993057,0.0
11045973,0.0
11077140,0.0
11109074,0.0
11142310,0.0
11176614,0.0
11209918,0.0
11240506,0.0
11272506,0.0
11302990,0.0
11334851,0.0
11367427,0.0
11398345,0.0
11430247,0.0
11463197,0.0
11503971,0.0
11539319,0.0
11569191,0.0
11601386,0.0
11633274,0.0
11664964,0.0
11696107,0.0
11729012,0.0
11759720,0.0
11791870,0.0
11822772,0.0
11854459,0.0
11885890,0.0
11916876,0.0
11949993,0.0
11983557,0.0
12014280,0.0
12046357,0.0
12077399,0.0
12108971,0.0
12140395,0.0
12171422,0.0
12202263,0.0
12235189,0.0
12266114,0.0
12298303,0.0
12329125,0.0
12360662,0.0
12392393,0.0
12423332,0.0
12454237,0.0
12487447,0.0
12517735,0.0
12550179,0.0
12580997,0.0
12613825,0.0
12668313,0.0
12698249,0.0
12729328,0.0
12762408,0.0
12793146,0.0
12825235,0.0
12858332,0.0
12890508,0.0
12923803,0.0
12955309,0.0
12986749,0.0
13019640,0.0
13050468,0.0
13082841,0.0
13114207,0.0
13146431,0.0
13178378,0.0
13209448,0.0
13240509,0.0
13273158,0.0
13304041,0.0
13336523,0.0
13367335,0.0
13398952,0.0
13430460,0.0
13461448,0.0
13492404,0.0
13525291,0.0
13556085,0.0
13588026,0.0
13618783,0.0
13650460,0.0
13682085,0.0
13713150,0.0
13743971,0.0
13777298,0.0
13807975,0.0
13840950,0.0
13871685,0.0
13904244,0.0
13936439,0.0
13968403,0.0
13999792,0.0
14033896,0.0
14065213,0.0
14098151,0.0
14129713,0.0
14162112,0.0
14194102,0.06453932101003182
14225855,0.2379292533313338
14257483,0.27366105004084706
14309825,0.31122509374917673
14343214,0.32697979533431476
14376351,0.3333175579688022
14410664,0.3350693386875795
14443451,0.3291166221042421
14475802,0.332880059823997
14507486,0.3304088509570183
14539200,0.32783214185621046
14572496,0.3276908788312529
14603756,0.328526536050622
14636463,0.3270197304510749
14668149,0.3275746497600853
14700625,0.32831970790859555
14732871,0.32918814768649907
14764242,0.3326261440069847
14795824,0.2881694183551572
14829204,0.13040424947789306
14860051,0.014194847845417004
14892479,0.0
14923555,0.0
14955418,0.0
14987164,0.0
15018561,0.0
15050858,0.0
15085433,0.0
15113302,0.0
15146184,0.0
15175241,0.0
15201947,0.0
15227683,0.0
15252488,0.0
15276482,0.0
15302818,0.0
15327703,0.0
15353842,0.0
15378491,0.0
15403235,0.0
15429024,0.0
15454132,0.0
15478530,0.0
15505178,0.0
15528365,0.0
15554113,0.0
15579079,0.0
15604901,0.0
15630327,0.0
15654485,0.0
15679264,0.0
15705833,0.0
15730549,0.0
15755904,0.0
15797168,0.0
15822913,0.0
15849009,0.0
15874082,0.0
15902671,0.0
15938211,0.0
15971511,0.0
16005146,0.0
16035332,0.0
16067772,0.0
16101359,0.0
16135772,0.0
16170475,0.0
16206455,0.0
16237708,0.0
16270666,0.0
16301726,0.0
16334454,0.0
16367213,0.0
16398637,0.0
16430078,0.0
16464334,0.0
16495522,0.0
16528501,0.10671497663438041
16560240,0.2671420892646419
16592885,0.31171325584808063
16625123,0.3299552595562052
16657127,0.3280765209289218
16689293,0.3300416863014324
16727279,0.32930378071114785
16757964,0.3294450437361054
16790511,0.32800797557925887
16821511,0.3294450437361054
16854197,0.32771650883156167
16886179,0.32427135995285034
16917767,0.32654050904995313
16948923,0.3305501139819758
16982270,0.330126920953622
17013620,0.33240381865546925
17046507,0.3335303465760167
17078045,0.3351945084565292
17110567,0.3319275774869415
17142889,0.33278230819491245
17174088,0.32987896560179775
17205360,0.3264427574208686
17238776,0.3256225974109885
17270082,0.32575849601727674
17302989,0.32495681344947974
17334364,0.3251785427544764
17368575,0.32536450926834454
17408178,0.3289348279160056
17450407,0.3275311383642123
17483441,0.3325242200522685
17518429,0.3298747932761661
17552054,0.329825321415105
17587305,0.32607261253268865
17619677,0.32537404601264547
17652345,0.32622698858106003
17684215,0.3267640264945062
17716135,0.3307241595654678
17747625,0.33196036004547597
17781054,0.3320426144650715
17812024,0.3315109409702946
17845221,0.3304607070041546
17877018,0.33059064514525477
17909795,0.32983605025244356
17942349,0.32916669001182197
17974531,0.32457057530529204
18006718,0.3258949906700838
18040959,0.32568697043501976
18072634,0.3261542709057654
18106466,0.3261250646263438
18138781,0.32632474021014457
18171786,0.32648328858414755
18204639,0.3264582546303576
18237185,0.32667283137712855
18269048,0.3251588732193557
18302894,0.326966682310901
18336683,0.3251344353120846
18370920,0.32646838742117734
18402656,0.3248727708903278
18436659,0.32649222928192967
18468916,0.3253114611281706
18502557,0.32438103251231104
18535090,0.32514099182379147
18567394,0.3260112197412514
18598984,0.3314513363184138
18632503,0.3298175728103605
18663622,0.32954398745822755
18696287,0.3278929386011289
18727452,0.3269112499846518
18759694,0.32756332487622797
18791714,0.32643381672308647
18822952,0.32272163900394907
18855131,0.3223944094651234
18888247,0.323607364130898
18919285,0.3218007471323904
18951765,0.32197479271588236
18982808,0.32753411859680637
19015006,0.32751027673605404
19046890,0.3281033430222682
19095624,0.3300971186276816
19126639,0.32504443228774454
19162397,0.3264886530028168
19195900,0.3279602918577542
19229791,0.3292042409425069
19260958,0.32293740784375763
19293436,0.325515309037603
19325731,0.3249919801940894
19357290,0.32092336665670473
19388467,0.3210211182857893
19421571,0.32146219270970733
19452330,0.3200596952509517
19484848,0.3214967634077982
19515845,0.3250140339152853
19547681,0.32483939228527453
19579438,0.325661340434711
19610777,0.32381478831944327
19641746,0.3191709898914087
19674780,0.32065395363020344
19705345,0.3206879282817755
19738043,0.31988982199309135
19769394,0.32060328967610474
19801590,0.3219062473662194
19833789,0.32525006833673337
19865215,0.324974694845044
19896379,0.3261036069516667
19929865,0.3264952095145237
19961970,0.3250694662415345
19995135,0.32439652972180005
20029164,0.3233886150584954
20062338,0.3247213750745505
20096222,0.32517019810321307
20126450,0.3244012980939505
20152338,0.3209996606111122
20179259,0.3213149692195617
20204543,0.32101992619275166
20230806,0.3205556059546001
20255041,0.3232133773819658
20280278,0.32000605106425895
20306234,0.32135550038284066
20331220,0.31937304966128466
20356865,0.3230584052870757
20382617,0.32089475642380194
20407610,0.32644633369998144
20434129,0.32022599222969916
20459258,0.3254986197350764
20484789,0.32163087387453004
20510089,0.324785152052063
20535012,0.3211248303800619
20559801,0.32425169041772967
20596231,0.3201568508335174
20631503,0.31906787384365487
20658043,0.3230941680782042
20682789,0.3213012601496291
20707470,0.32503847182255646
20733322,0.3213525201502466
20758655,0.324437060885079
20783554,0.3193039082651029
20810443,0.3254855067116626
20837939,0.32159332294384513
20870609,0.3198647880393014
20902444,0.3198284292016541
20934478,0.32104257596046637
20967039,0.3211170817753174
20998763,0.323358812732555
21030511,0.32430175832530955
21064074,0.3243130832091669
21095379,0.32155934829227306
21128431,0.32390657948333973
21159595,0.3217363741083591
21192090,0.32023195269488725
21224393,0.3201055908328999
21256435,0.3208560134000794
21287453,0.3218037273649844
21320471,0.31961921687355244
21351680,0.3225064662106593
21384229,0.32513383926556577
21415490,0.32555405206132554
21447420,0.3266317041673308
21479753,0.32471839484195647
21511253,0.32356504482806264
21542546,0.3206879282817755
21576446,0.3221595671367129
21607394,0.321146288054739
21640473,0.3212565566607185
21671964,0.3210509206117297
21705426,0.321046748286098
21738692,0.32153014201285146
21770948,0.32040719037141685
21803509,0.3202224159505863
21837489,0.31983021734121053
21870044,0.31978670594533753
21902952,0.32035593037079935
21934272,0.3220159199256801
21966224,0.3248149543780034
21998063,0.324114003671885
22029184,0.32495860158903617
22060353,0.32267037900333156
22093501,0.3227383283064757
22124288,0.32077137479440865
22156418,0.32092515479626116
22194924,0.3213280822429755
22251271,0.3209728385177658
22282239,0.32426480344114345
22313224,0.32449964576955387
22343928,0.3224909690011703
22376720,0.3219974424835971
22407440,0.3213012601496291
22439540,0.3213876868948563
22470301,0.32066825874665483
22501738,0.32162491340934196
22533293,0.3245246797233438
22563842,0.32625202253485
22595242,0.32503608763648123
22628485,0.3252655655462224
22659041,0.3231084731946556
22691503,0.32142702596509765
22722679,0.3218037273649844
22755027,0.321935453645641
22786741,0.32174054643399075
22817788,0.3217214729453889
22848736,0.32404724646177846
22883544,0.32200876736745443
22914493,0.32481972275015386
22947558,0.3245658069331416
22978697,0.3245312362350507
23011064,0.32363716645683843
23042280,0.32128755107969653
23074228,0.32168332596818516
23105963,0.3216046478277025
23137062,0.3205144787448023
23167547,0.3249991327523151
23200557,0.3250050932175032
23231046,0.3265399130034343
23263370,0.3250253587991427
23294180,0.32416943599813414
23326346,0.32295350109976545
23359157,0.3201496982752917
23391196,0.32118085875282987
23422942,0.32180491945802203
23456542,0.32197419666936355
23487657,0.3204638147907036
23520240,0.3216505434096507
23551458,0.32041553502268016
23583437,0.32416228343990844
23615264,0.3239608197165513
23646670,0.32369557901568163
23677759,0.3225839522581044
23710841,0.32248620062901984
23741794,0.3202486419974139
23773978,0.3207254792124604
23804987,0.32219294574176616
23855240,0.3212625171259066
23885946,0.3196388864086731
23916769,0.32348517459454235
23948498,0.3238028673890671
23984410,0.3235978273865971
24017702,0.3236920027365688
24052134,0.32133881108031404
24083835,0.32422129204527045
24116332,0.3231823829629878
24148924,0.3245526939097278
24180535,0.3236335901777256
24211885,0.322774687144123
24245533,0.322790184353612
24276669,0.31861428244284185
24308948,0.31912569035597926
24340306,0.3189832352379841
24372558,0.3179067752250165
24404673,0.3166109700931275
24435724,0.3210503245652109
24467008,0.3256518036904101
24500423,0.3263777883503185
24531234,0.3264815004445911
24564193,0.3249830394963073
24595304,0.3224754717916813
24628174,0.32033566478915987
24660811,0.3176170966168757
24692651,0.3499317586340617
24724893,0.31396511959613793
24765981,0.31335297982132193
24800824,0.32220546271866113
24833167,0.32966856118065846
24865031,0.3266275318416991
24897411,0.3256601483416734
24929058,0.32220546271866113
24960825,0.31538311426438265
24992269,0.30755821556546875
25025189,0.310779846999627
25057609,0.31953219408180644
25091011,0.3180486342964928
25121450,0.3170615812613465
25154151,0.31644824939349286
25180070,0.319340863149269
25205554,0.31880382523582285
25230327,0.32181207201624773
25256388,0.3213596727084723
25280708,0.3185016296507871
25307093,0.32091859828455427
25331793,0.3183293722068515
25357179,0.32187227271464736
25382385,0.31781677220067645
25407581,0.32145563619800044
25447057,0.3192085408220936
25472932,0.3206515694441282
25497131,0.31953040594225
25523262,0.3198278331551353
25547713,0.3189975403544355
25572823,0.32144252317458666
25598510,0.31760577173301835
25623673,0.3201175117632761
25648553,0.3189391277955923
25674388,0.3222781803939558
25699381,0.31768623801305745
25725588,0.32264057667739116
25750669,0.316923298468983
25775999,0.3228629020289066
25801405,0.31935814849831445
25826448,0.32291058575041126
25851616,0.3171265503318966
25887090,0.32217148806708906
25920303,0.3232336429636053
25958061,0.31883303151524445
25988894,0.31730834452013307
26020625,0.31768683405957626
26052615,0.3195798778033111
26081690,0.32269720109667793
26110373,0.32166127224698926
26141364,0.3190172098895562
26172605,0.3185582540700739
26208005,0.3186470650013763
26242129,0.3188372038408761
26276145,0.31830553034609915
26308783,0.31847778779003477
26340732,0.3189599894237506
26376260,0.3180086991797327
26409816,0.31879071221240907
26441648,0.3180474422034552
26474588,0.31890753733009547
26505886,0.31894151198166754
26538367,0.3178930661550839
26570788,0.3171521803322053
26602347,0.3180474422034552
26633924,0.3213495399176526
26667568,0.3210461522395792
26698694,0.3225255396992612
26731437,0.32313648738103956
26762688,0.3210384036348347
26795038,0.319676437339358
26827340,0.3183323524394455
26859015,0.3183859966261383
26890333,0.3179294249927312
26923675,0.3178936622016027
26963112,0.3208327675858459
27006196,0.31860116941942807
27035914,0.31831387499736247
27067620,0.320869722470012
27099491,0.3212577487537561
27130643,0.32265368970080494
27161725,0.3196758412928392
27192540,0.31904582012245897
27221407,0.31611088706384743
27251882,0.3176176926633945
27282450,0.3225356724900809
27314669,0.3216773655029971
27346549,0.3215384866641148
27383523,0.3219980385301159
27416143,0.3224325564423271
27447874,0.32066349037450437
27480334,0.32136086480150994
27514077,0.3213853027087811
27544984,0.3193921231498865
27577763,0.3187561415143182
27610095,0.3177351138275997
27642949,0.3180969140645163
27675438,0.3184593103479517
27707494,0.31799320197024367
27739865,0.3166044135814206
27774112,0.3180027387145446
27805823,0.31659428079060087
27839475,0.31788412545730177
27872261,0.31619790985559343
27904454,0.316618718697872
27936870,0.31741563289351854
27968370,0.31935934059135207
28000780,0.32100621712281907
28033849,0.32119397177624365
28064785,0.3223878529534165
28097206,0.32268408807326415
28129234,0.32010022641423064
28161320,0.3196448468738612
28193614,0.31767074080356844
28226225,0.31691376172468205
28258275,0.31665746172159454
28291913,0.3167516370715662
28322671,0.3168678661427338
28355445,0.318237581042955
28387394,0.31606797171449325
28419445,0.3174555680102787
28451549,0.32032672409137775
28482610,0.32164458294446263
28514499,0.32081369409724403
28547692,0.32103363526268425
28578365,0.31899277198228504
28633067,0.3212404634047107
28663865,0.32098893177377363
28698151,0.31971577640959936
28732855,0.32289449249440344
28767259,0.3225434210948254
28799646,0.32187286876116616
28833148,0.3212422515442671
28864294,0.32299105203045037
28897357,0.32174948713177287
28929967,0.3212869550331777
28965700,0.3211236382870243
28998220,0.3228855517966213
29029929,0.31984690664373716
29062823,0.3207260752589792
29096330,0.321161785264228
29127593,0.3196543836181621
29160382,0.31924191942714686
29192851,0.31608346892398226
29225409,0.3166634221867826
29258559,0.31609062148220796
29290687,0.31681302986300347
29323449,0.3170466800983763
29360718,0.3165382524178329
29392427,0.3174406668473085
29425186,0.31676176986238597
29457386,0.3164232154397029
29489859,0.3161019463660653
29522019,0.3156692165934106
29553559,0.31702224219110514
29585637,0.3185809038377886
29618890,0.31865123732700795
29649784,0.3211313868917688
29682226,0.32207731271711737
29714215,0.31867865546687313
29746219,0.31973723408427646
29778157,0.31838778476569474
29809066,0.31715516056479937
29841109,0.3176695487105308
29874410,0.31739417521884145
29904925,0.3162771840425949
29937903,0.31667355497760236
29970855,0.3167695184671305
30003332,0.3176623961523051
30036872,0.31719986405371
30070224,0.318222083833466
30102034,0.31701687777243587
30134884,0.32017473222908166
30164616,0.3214377548024362
30194389,0.32013658525187794
30220537,0.31703773940059415
30253785,0.3170043607955409
30292221,0.3209710503782094
30316096,0.31611267520340386
30341832,0.31957034105901017
30368642,0.31531635705427613
30392303,0.32071236618904664
30421725,0.31721357312364257
30447635,0.31697813474871334
30473682,0.31817559220499897
30499546,0.31574849078041206
30523740,0.3190416477968273
30548748,0.31596604775977705
30575573,0.3203583145568746
30600131,0.314679779372189
30626119,0.31799081778416843
30650740,0.3157586235712318
30676199,0.3217089559684939
30701945,0.3159034628753022
30727008,0.3195798778033111
30751867,0.3167003770709487
30778211,0.3200096273433718
30803051,0.3154391426371506
30829227,0.31929079524168913
30855419,0.31645480590519975
30880692,0.31858686430297667
30911777,0.3194940471046027
30943421,0.3150439637951808
30975425,0.31579915473451076
31008825,0.3156263012440564
31039810,0.31569603868675694
31072531,0.3151232379821823
31104285,0.31480792937373275
31136373,0.31662885148869174
31168391,0.31913105477464854
31199602,0.3206748152583617
31231448,0.31997028827313045
31264841,0.3189248226791409
31295791,0.31809452987844106
31328149,0.31703833544711296
31359975,0.31622830822805265
31391988,0.31708482707558
31423927,0.31657997567414947
31455130,0.31603459310944
31486720,0.31750384777830215
31520188,0.31735781638119415
31550826,0.32074216851498705
31583617,0.3214985515473546
31615766,0.3215617324783483
31648225,0.3218239929466239
31681327,0.32162252922326673
31712812,0.3205919647922474
31769323,0.3196597480368314
31801258,0.320372619673326
31833275,0.32149139898912893
31865324,0.32101336968104477
31896755,0.3196615361763878
31932620,0.3220636036471848
31964816,0.3170758863777979
31996629,0.3196692847811323
32027746,0.31441215448524407
32059393,0.31654063660390813
32092647,0.3165811677671871
32123347,0.3140932695976817
32155619,0.31378570959397667
32187101,0.31519416751792045
32219233,0.3197241210608627
32251759,0.31956080431470923
32283235,0.32050851827961424
32315717,0.3207183266542347
32349311,0.3199673080405364
32386212,0.3196657085020195
32419462,0.316121615901186
32452508,0.318772234770326
32485198,0.3185218952324266
32517813,0.31720344033282283
32549136,0.3189379357025547
32581405,0.3188431643060642
32614678,0.31951967710491147
32645517,0.3182453296476995
32677945,0.31813923336735167
32709881,0.31597200822496513
32742025,0.3158516068281659
32774034,0.31627301171696326
32805480,0.3187191866301521
32837746,0.3136843816857793
32871279,0.3125185146949905
32910821,0.3166705747450083
32945322,0.317258872659072
32977473,0.3165614982320664
33010356,0.31649950939411037
33045661,0.3139979021546724
33080074,0.31829837778787345
33116907,0.32004360199494386
33151163,0.32181266806276654
33181691,0.32122198596262763
33214504,0.3178197524332705
33246620,0.3175646445232206
33278816,0.31463924820891004
33311207,0.29812577940532914
33342853,0.026791694973909257
33375109,0.0
33429538,0.0
33461495,0.0
33493969,0.0
33525745,0.0
33557533,0.0
33589394,0.0
33620502,0.0
33652221,0.0
33685111,0.0
33715674,0.0
33748421,0.0
33780638,0.0
33812752,0.0
33846431,0.0
33878615,0.0
33910408,0.0
33944337,0.0
33975251,0.0
34008633,0.0
34040376,0.0
34072227,0.0
34104674,0.0
34136292,0.0
34168497,0.0
34202296,0.0
34232918,0.0
34265674,0.0
34297859,0.0
34330234,0.0
34362563,0.0
34394276,0.0
34426422,0.0
34459796,0.0
34490948,0.0
34523711,0.0
34555885,0.0
34588637,0.0
34620588,0.0
34652211,0.0
34684216,0.0
34717859,0.0
34748641,0.0
34781269,0.0
34813381,0.0
34845574,0.0
34877838,0.0
34909381,0.0
34941909,0.0
34975547,0.0
35006690,0.0
35040160,0.0
35093775,0.0
35124194,0.0
35150831,0.0
35176373,0.0
35202305,0.0
35229666,0.0
35253893,0.0
35280177,0.0
35306515,0.0
35332402,0.0
35359879,0.0
35385027,0.0
35409814,0.0
35436519,0.0
35461499,0.0
35487388,0.0
35513283,0.0
35538124,0.0
35564291,0.0
35589717,0.0
35615691,0.0
35642479,0.0
35665747,0.0
35692162,0.0
35718060,0.0
35743556,0.0
35769192,0.0
35793059,0.0
35844822,0.0
35877871,0.0
35907467,0.0
35938676,0.0
35969783,0.0
36001077,0.0
36032907,0.0
36065934,0.0
36099502,0.0
36134301,0.0
36166803,0.0
36200848,0.0
36234539,0.0
36267780,0.0
36300946,0.0
36333454,0.0
36366540,0.0
36400854,0.0
36432871,0.0
36466459,0.0
36499484,0.0
36532769,0.0
36565914,0.0
36621182,0.0
36654540,0.0
36689030,0.0
36721247,0.0
36755145,0.0
36788370,0.0
36821744,0.0
36853229,0.0
36884054,0.0
36914565,0.0
36948644,0.0
36980866,0.0
37014507,0.0
37047717,0.0
37080915,0.0
37114010,0.0
37146504,0.0
37179716,0.0
37214048,0.0
37246145,0.0
37279714,0.0
37312779,0.0
37346161,0.0
37379286,0.0
37411821,0.0
37444886,0.0
37479276,0.0
37511259,0.0
37544910,0.0
37577999,0.0
37611138,0.0
37644470,0.0
37677006,0.0
37710082,0.0
37744602,0.0
37776631,0.0
37810204,0.0
37843345,0.0
37876638,0.0
37909855,0.0
37942449,0.0
37975779,0.0
38010171,0.0
38042276,0.0
38076084,0.0
38109142,0.0
38142441,0.0
38175623,0.0
38208245,0.0
38241342,0.0
38283614,0.0
38329203,0.0
38363731,0.0
38396754,0.0
38430051,0.0
38463317,0.0
38495855,0.09853304607070042
38529039,0.29027942303173815
38563497,0.331351200503254
38595583,0.33409063030369646
38629389,0.33216838028054
38662614,0.3327000537753169
38695887,0.33141199724817244
38729098,0.33260766656490165
38761686,0.3311407960821147
38794814,0.33127311840929013
38829230,0.3290075455913002
38861344,0.3318089642296987
38894992,0.3308463491018235
38928195,0.33036951188677693
38961633,0.3300339376966879
38994878,0.3304678595623803
39027603,0.3301847374659464
39060725,0.3309643663125475
39095126,0.3287244234948663
39127213,0.3295034562949486
39160878,0.33017341258208904
39193971,0.3309429086378704
39227193,0.32864097698223316
39260547,0.32840017418863465
39293061,0.32777253720432964
39326260,0.32705132091657174
39360724,0.32765511604012443
39392768,0.32636586741994233
39429168,0.32627169206997064
39462135,0.3263765962572809
39495090,0.3263193757914753
39527312,0.3279668483694611
39559433,0.3267258795173025
39593641,0.3268528374258086
39625514,0.31960431571058223
39659010,0.3159618754341454
39691106,0.319862999899745
39724000,0.3258878381118581
39757058,0.32650653439838107
39789219,0.3286093865167363
39821300,0.3334266344817441
39855832,0.3302663958390231
39888335,0.33269528540316645
39921821,0.32824818232633857
39953973,0.3259438664846261
40006212,0.3267723711457695
40036779,0.3293425237348704
40070994,0.33251349121492996
40104547,0.3313059009678246
40139823,0.3276092204581762
40166126,0.32494131623999073
40190647,0.32492939530961457
40213895,0.32861892326103725
40238102,0.3243565946050399
40262489,0.3295475637373404
40285869,0.32126013293983136
40309174,0.3268957527751628
40334597,0.32137636201099895
40357526,0.32545391624616576
40382203,0.325397291826879
40405560,0.3229278710994567
40429769,0.32804195023083094
40453906,0.32342735808221795
40477494,0.32878522023978474
40500728,0.32171074410805034
40526084,0.3271192702197159
40548899,0.32447699600183916
40573324,0.3230530408684064
40596562,0.32787624929860226
40620777,0.32410625506714047
40644891,0.3286439572148272
40668307,0.32400254297286785
40691659,0.3259742648570853
40717038,0.3225636866764649
40740003,0.3234029201749468
40764691,0.3296268379243419
40787887,0.3240442662291844
40812115,0.32954398745822755
40836422,0.32500211298490916
40861597,0.3291827832678298
40893720,0.3248608499599516
40927916,0.32489184437892965
40959969,0.3242624192550682
40993223,0.32506708205545926
41025416,0.3237295536672537
41058538,0.32781664464672144
41091621,0.32227579620788055
41123807,0.32355848831635575
41156005,0.32499972879883393
41190127,0.3249168783327196
41222011,0.3279531392995285
41255397,0.3272664937098615
41287592,0.3285056744224637
41320572,0.32966021652939514
41353829,0.32886747465938027
41387203,0.32882277117046965
41435161,0.33042196398043205
41469979,0.3289121781482909
41502275,0.33049527770224546
41536186,0.3308314479388533
41568712,0.32998923420777726
41602116,0.3305119670047721
41635728,0.3298306858337743
41668476,0.3305870688661419
41701089,0.3284770641895609
41735823,0.33033315304912964
41769879,0.3283816967465516
41803636,0.32932702652538137
41836200,0.32958749885410055
41869598,0.32971147653001265
41902952,0.32749537557308384
41935628,0.32916609396530316
41968402,0.3273171576639602
42003699,0.32927397838520744
42035599,0.3288406525660339
42069057,0.328134933487765
42101101,0.3265369327708403
42133996,0.32626632765130137
42166986,0.3264928253284485
42199197,0.32668892463313637
42231238,0.32384995506405295
42265289,0.3253764301987207
42297081,0.3220218803908682
42330322,0.3208566094465982
42362522,0.3210431720069852
42395454,0.3225702431881718
42428513,0.3222412255097896
42460656,0.3228485969124552
42492698,0.3210360194487595
42526817,0.3228313115634098
42558602,0.32154444712930286
42591976,0.3215170289894377
42624041,0.3215825941065066
42656897,0.32259766132803697
42689930,0.3224540141170042
42722106,0.32704416835834604
42754174,0.3262335450927669
42788365,0.32605830741623726
42820144,0.3268933685890876
42854236,0.3276092204581762
42887853,0.3255147129910842
42920722,0.32633904532659597
42954330,0.32545928066483504
42987634,0.3271723183598898
43044481,0.32225731876579744
43078760,0.3221148636478023
43110722,0.3218913462032492
43144191,0.32152298945462576
43175768,0.3201032066468247
43206233,0.319617428733996
43237038,0.32517675461491996
43266831,0.327435770921203
43299106,0.3238171725055185
43333093,0.32523516717376316
43364900,0.322802701330507
43398630,0.3229135659830053
43431133,0.31982366082950364
43464513,0.320956745261758
43497926,0.32190147899406896
43530560,0.3219688322506943
43563104,0.3202200317645111
43597584,0.31849745732515544
43629864,0.32101098549496954
43663555,0.32181982062099224
43696184,0.3214902068960913
43729482,0.32104138386742875
43762841,0.32065454967672224
43797819,0.32187286876116616
43837053,0.32741014092089427
43875492,0.32077912339915315
43907810,0.32095257293612633
43941504,0.32075826177099487
43975769,0.320416131069199
44009548,0.32389644669252
44042266,0.3198051833874206
44074682,0.3210539008443237
44109203,0.3204489136277334
44141397,0.32173398992228386
44175288,0.32056752688497625
44207800,0.3212064887531386
44241286,0.3212327147999662
44274563,0.3212839748005837
44307337,0.32163206596756766
44339709,0.3233784822676757
44375107,0.3209126378193662
44407152,0.32180611155105965
44441107,0.32023970129963175
44473516,0.3217220689919077
44507087,0.32119575991580007
44540424,0.3214985515473546
44573052,0.3238910822738507
44605454,0.3249013811232306
44640152,0.32168213387514755
44672394,0.3244346766990038
44706269,0.3244233518151464
44759182,0.3195506715238895
44792612,0.3187650822121003
44826084,0.3194553040808802
44858376,0.3198802852487904
44890404,0.3213715936388485
44924523,0.3203219557192273
44956502,0.32300416505386415
44990053,0.32160107154858963
45022049,0.32419268181236766
45057318,0.3230429080775867
45091768,0.32001439571552226
45121862,0.32110754503101646
45152053,0.3250193983339546
45183961,0.3252166897316801
45207117,0.3197402143168705
45231653,0.32346312087334644
45254822,0.3204185152552742
45279094,0.3260463864858611
45303080,0.3197193526887122
45326525,0.3239500908792127
45349856,0.3211486722408142
45375186,0.3211546327060023
45398214,0.3238165764589997
45422857,0.3197849178057811
45446130,0.32591942857735495
45470260,0.319558420128634
45494544,0.3240412859965904
45517989,0.32034162525434795
45541235,0.3210515166582485
45566696,0.32080832967857476
45589632,0.3200185680411539
45614322,0.3245020299556291
45637718,0.32103482735572186
45661914,0.32385829971531627
45686172,0.3218245889931427
45709974,0.32324377575442503
45734403,0.32058898455965334
45760541,0.32235030202273157
45783397,0.32080058107383025
45807915,0.31983856199247385
45831201,0.3241891055332548
45856560,0.32096210968042727
45881182,0.32367412134100454
45910429,0.32028380874202356
45942633,0.31932000152111073
45977002,0.31857136709348766
46008670,0.31924907198537256
46042213,0.31947378152296324
46074940,0.3203159952540392
46108040,0.31922761431069546
46148891,0.3211748982876418
46192352,0.31903687942467684
46224541,0.31987432478360234
46258849,0.3181356570882388
46291738,0.3194797419881513
46325324,0.3184718273248467
46357250,0.32041374688312374
46390206,0.32024566176481983
46423284,0.3206164026995185
46455579,0.3214526559654064
46487656,0.3228909162152906
46521774,0.3226018336536686
46553593,0.3249389320539155
46587067,0.3221887734161345
46619185,0.32260242970018743
46652179,0.32166723271217734
46685187,0.3235334543625658
46717481,0.3210735703794444
46749479,0.321031251076609
46783699,0.3201723480430064
46815490,0.319732465712126
46849022,0.32074276456150586
46881065,0.32078567991086004
46914130,0.31924847593885375
46947109,0.3182709596480083
46979992,0.3176832577804634
47012018,0.3198850536209409
47046227,0.32020453455502207
47078017,0.3199232005981446
47111449,0.3183693073236117
47143474,0.31679574451395803
47176540,0.3195792817567923
47209527,0.3181982419727137
47241912,0.31828407267142206
47273916,0.3191733740774839
47308012,0.31786922429433156
47339799,0.321947970622536
47374378,0.3219610836459498
47407130,0.32121721759047717
47440394,0.32133881108031404
47473257,0.3210664178212187
47505541,0.3213227178243062
47537545,0.32231215504552785
47571666,0.32162550945586077
47603516,0.32351557296700156
47636928,0.32201890015827417
47669015,0.3210813189841889
47701991,0.32040719037141685
47734892,0.32206717992629763
47767102,0.3209883357272548
47799041,0.3202665233929781
47850013,0.3203100347888511
47882820,0.31941596501063885
47916576,0.31911078919300906
47950437,0.3192532443110042
47984458,0.3200167799015975
48017860,0.3196072959431763
48050522,0.31864348872226345
48082934,0.31897250640064556
48117520,0.32030467037018184
48149676,0.31919006338001055
48183535,0.3178513428987673
48216099,0.3187549494212806
48249425,0.31814459778602094
48282792,0.3189379357025547
48315459,0.3168589254449517
48347925,0.3166550775355193
48382428,0.3161883731112925
48414582,0.3168297191655301
48448596,0.3165251393944191
48480998,0.31770829173425336
48515648,0.31675998172282954
48548297,0.3163773198577547
48580748,0.3164357324165979
48615192,0.317389406846691
48647449,0.3175014635922269
48681140,0.3167516370715662
48713660,0.31608287287746345
48747123,0.3172660252172977
48780501,0.3173315903343666
48813123,0.3178853175503394
48845711,0.31656984288332973
48880851,0.316867270096215
48913017,0.3168166061421163
48947102,0.31670216521050515
48981237,0.3160292286907707
49015158,0.31722728219357516
49048333,0.31646851497513234
49080588,0.31620089008818747
49113260,0.3160572428771547
49147860,0.3163922210207249
49180290,0.31760696382605597
49215347,0.31698528730693903
49247997,0.3157645840364199
49283074,0.31530920449605043
49316526,0.31704429591230104
49350567,0.3179151198762798
49383149,0.3177851817351796
49418678,0.3184140108125223
49450643,0.31798426127246154
49484171,0.3192079447755748
49516497,0.31879071221240907
49566824,0.31791869615539264
49601047,0.3177541873162016
49633469,0.3175425908020247
49665861,0.3120482339916508
49700197,0.31651321846404296
49730234,0.2970731612531139
49761102,0.305699146473306
49791250,0.2967316265978368
49823096,0.3321141400473285
49856463,0.32281581435392076
49888696,0.3178269049914962
49920927,0.31926993361353084
49955268,0.31560961194152976
49989009,0.313620008661748
50023076,0.32006565571613976
50056274,0.32183412573744363
50090376,0.3229278710994567
50122736,0.3142762558789558
50151030,0.31914595593761874
50179941,0.31757716150011556
50209528,0.31717661823947646
50237033,0.3190911196578884
50265977,0.319589414547612
50293459,0.3155982870576724
50325082,0.3152698654258091
50358018,0.3170401235866694
50391423,0.31707409823824145
50422215,0.31937960617299155
50454297,0.3193468236144571
50483576,0.3192592047761923
50515285,0.31729999986886975
50547164,0.31620089008818747
50580025,0.31629446939164035
50612875,0.3161740679948411
50645093,0.3151530403081227
50677019,0.31468454774433946
50711089,0.31500402867842064
50742888,0.31533900682199084
50776307,0.31450036937002773
50808319,0.3159571070619949
50841333,0.3162908931125275
50875351,0.31807784057591443
50907869,0.3178561112709178
50939853,0.3196746491998016
50974259,0.3146434205345417
51006132,0.3192824505904258
51039622,0.31946782105777516
51071805,0.32150033968691105
51104821,0.30617657973487133
51137830,0.2924853911978473
51170100,0.2959955091471087
51219305,0.27266922863355025
51254424,0.25710645402746846
51286251,0.2460742290108477
51319765,0.22885861740811078
51351861,0.23259821326711336
51384846,0.23691239797024702
51418006,0.2410310794152116
51450272,0.24314048804527377
51482288,0.24257007152677434
51516467,0.2445614629461125
51548300,0.24361970944639558
51581831,0.24471881922707786
51613932,0.24815085508237542
51646934,0.23347857397539307
51679876,0.23693504773796173
51712159,0.2530831400255132
51744185,0.2627146557229347
51778320,0.2714234914092411
51810105,0.28125349059742577
51843412,0.28107765687437736
51876384,0.28011563779302096
51909706,0.28029802802777626
51943296,0.2764726014700653
51976209,0.29196444654040893
52008654,0.3041839962224956
52043303,0.2972776052090651
52075541,0.2938586823771813
52109423,0.29429856470806176
52141941,0.3016877534017269
52175408,0.30171338340203563
52208868,0.2952975386735843
52241622,0.30016127826705913
52274090,0.32690707765902016
52308689,0.33791844104748264
52340972,0.33681515894116865
52374818,0.3251707941497319
52407331,0.3293216621067121
52440809,0.3382289812837817
52474204,0.32606426788142534
52507000,0.31772974940893045
52539561,0.32273475202736285
52574209,0.3289413844277125
52606463,0.33793930267564093
52640467,0.3387535022203329
52672950,0.3330791393612789
52706362,0.34184340737383456
52739811,0.35192613028599384
52772577,0.35504881799802995
52805049,0.3563213773156854
52839681,0.3545344298522985
52871958,0.3551847166043182
52924228,0.3567952342981379
52956912,0.35678212127472414
52990326,0.35360698146903297
53023823,0.35195652865845306
53056605,0.34448866182430526
53089120,0.3493982969997283
53123713,0.3557366556807346
53156185,0.35839740734069436
53190068,0.3549486821828702
53222592,0.35638813452579193
53256190,0.3566414542962854
53292926,0.3540486519394698
53325445,0.3547311252035052
53360532,0.35256866843326906
53393259,0.35200004005432606
53427391,0.35294715797271226
53459876,0.3538299028670672
53492856,0.35427693775617336
53526365,0.35320047774320573
53559068,0.35379414007593873
53591575,0.35638157801408504
53626162,0.3546590035747294
53658556,0.35534147683876477
53692388,0.3543025677564821
53724970,0.35619263126762285
53758413,0.3561687894068705
53791881,0.35544995730518786
53824572,0.3579938838474612
53857117,0.35712663616259527
53891768,0.3560144133584992
53924115,0.3574222752359242
53958052,0.3582984636185722
53990517,0.3572810122109666
54023923,0.35779063198454764
54057438,0.35705987895248875
54090113,0.3582108447803074
54122648,0.35837356547994204
54157353,0.3582096526872698
54189597,0.358255548269218
54223417,0.3581214378024862
54255992,0.35831515292109883
54289432,0.3587556312984981
54322919,0.3579920957079048
54355600,0.35986010549784964
54388254,0.3592300843274694
54422836,0.3586715887393461
54455158,0.3592151831644992
54489035,0.35920624246671706
54521524,0.3591996859550102
54554901,0.35979692456685597
54608448,0.35587195824050405
54641186,0.3585613201333666
54673700,0.3580642173366806
54707960,0.3580946157091398
54739744,0.35769109221590667
54773006,0.3580010364056869
54804964,0.3590333889762627
54851963,0.357413334538142
54886107,0.35548512404979754
54918387,0.3570104070914277
54950018,0.35528962079162846
54981719,0.35528068009384633
55011069,0.35455946380608844
55041958,0.3536665861209138
55075361,0.35788719152059456
55110293,0.3541183893821704
55142540,0.3529650393682765
55166320,0.3575700947725886
55189740,0.3547013228775648
55214890,0.35901550758069845
55238001,0.3532129947201007
55262496,0.35729233709482394
55285735,0.35474245008736255
55310000,0.3553200191640877
55334018,0.3579330871025428
55357486,0.35465602334213536
55380855,0.359756393403577
55406143,0.3538442079835186
55429128,0.3580707738483875
55453750,0.3536963884468542
55477018,0.355825466612037
55501206,0.35867993339060944
55525405,0.3540248100787175
55548819,0.35871688827477555
55572037,0.3534764472814139
55597361,0.35940889828311184
55620377,0.3536808912373652
55644938,0.3570551105803383
55668399,0.35587970684524856
55692548,0.3537315551914639
55716664,0.3581881950125927
55740209,0.3541773979875324
55763478,0.35664324243584183
55788776,0.35275582704017483
55811639,0.3571439215116407
55836079,0.3540683214745905
55866276,0.354250115662827
55899602,0.35430375984951973
55932925,0.35388950751894804
55965718,0.35440866403682997
55998322,0.35457615310861507
56051839,0.35651330429474165
56084148,0.3552204793954467
56117844,0.35571937033168916
56150339,0.35281423959901803
56183701,0.353134316579618
56217114,0.3143263237865357
56249775,0.3539216940309637
56282380,0.35321537890617594
56316792,0.31390968726988877
56349120,0.3534835998396396
56383516,0.3147298472797689
56415970,0.35354797286367096
56449174,0.3542930310121812
56481960,0.3531545821612575
56514068,0.35470013078452717
56546148,0.35245839982728955
56580151,0.35474900659906944
56611950,0.3544766133399741
56645171,0.35606090498696624
56677223,0.35278741750567166
56710040,0.35412375380083966
56742904,0.35421196868562327
56775093,0.35790924524179046
56807098,0.3580999801278091
56841046,0.35800938105695024
56872891,0.35885397897410143
56906127,0.35870854362351223
56938164,0.35944466107424033
56971215,0.3579718301262653
57004158,0.35772745105355397
57036274,0.35795275663766346
57068330,0.35581473777469846
57102342,0.3574908205855871
57134185,0.35552148288744484
57167479,0.3552341884653793
57199493,0.35343412797857854
57232289,0.35377387449429926
57265398,0.3540111010087849
57297557,0.35460535938803667
57329666,0.35191182516954245
57363767,0.3540242140321987
57395567,0.35331789890741094
57428960,0.35290364657683926
57461067,0.3521854105216754
57493892,0.35324518123211635
57526751,0.3533161107678545
57559025,0.3558105654490668
57591026,0.35746280639920314
57625018,0.35856549245899827
57656899,0.3589171599050951
57690063,0.3590548466509398
57737317,0.35787109826458674
57770206,0.3586698005997897
57802961,0.3572899529087487
57844430,0.3525805893636452
57879423,0.35173777958605046
57911253,0.35280947122686757
57944794,0.35220269587072084
57975950,0.35347287100230107
58006544,0.35763744802921393
58036784,0.3593022059562452
58067502,0.35574142405288506
58099303,0.35330836216311
58133474,0.35157625097945344
58165170,0.35384659216959385
58198447,0.3531527940217011
58230350,0.35384659216959385
58263310,0.35262588889907465
58296168,0.3522575321504512
58328295,0.39058034307722367
58360360,0.35371367379589963
58394327,0.35270575913259494
58425930,0.35469059404022624
58459266,0.35437170915266386
58491184,0.35740975825902915
58524099,0.3572380968616124
58556966,0.35809044338350815
58589143,0.35801832175473236
58621005,0.35761837454061207
58655064,0.3588027189734839
58686958,0.35737995593308874
58720215,0.3568607994152068
58752189,0.356015009405018
58785138,0.3549594110202087
58817922,0.3553289598618698
58850099,0.353351873558983
58882078,0.35377208635474283
58916089,0.3528768244834929
58947773,0.35407905031192904
58981462,0.3535223428633622
59013370,0.35311405099797855
59046298,0.35198633098439347
59079109,0.3539896433341078
59111244,0.35222415354539793
59143122,0.35414640356855437
59177198,0.3536463205392743
59209019,0.35665099104058634
59242417,0.35628859475715097
59274405,0.35763744802921393
59307302,0.35705332244078186
59340050,0.35825733640877444
59392060,0.357062263138564
59423992,0.3566128440633826
59458354,0.35651926475992973
59490097,0.3579175898930538
59523387,0.35726313081540234
59555406,0.35883311734594314
59588423,0.3570688196502709
59621065,0.35663787801717256
59653230,0.356350583595107
59685128,0.3553426689318024
59719110,0.3553730673042616
59750735,0.35272066029556515
59783968,0.35162751098007095
59815869,0.35336915890802845
59848865,0.35371546193545605
59881671,0.3538930837980609
59913829,0.3528476182040713
59945757,0.35330240169792193
59980125,0.3518951358670158
60011883,0.35191957377428695
60045043,0.35156313795603966
60077278,0.35383228705314246
60112777,0.3516817512132825
60146153,0.35159115214242365
60179594,0.3902310598172021
60203032,0.3540695135676281
60228581,0.35513643683629476
60251712,0.3573179670951327
60276578,0.3530025902989614
60300027,0.3578025529149238
60324424,0.3535032693747603
60348859,0.3587633799032426
60372470,0.35116080655584414
60395931,0.3554469770725938
60421503,0.35220329191723965
60444763,0.3536010210038449
60469520,0.3559112973107454
60493093,0.3528398695993268
60517502,0.357714934076659
60541851,0.35375062868006574
60565753,0.35913352479142246
60589218,0.35135690586053203
60614669,0.3541064684517942
60637698,0.35221044447546535
60662303,0.35445873194440985
60685723,0.3572619387223647
60710205,0.3534734670488199
60734575,0.356627149179834
60758157,0.3538340751926989
60781696,0.3566408582497666
60807138,0.3507638395743179
60848426,0.35711233104614387
60873631,0.3532571021624925
60902309,0.35724048104768763
60935493,0.35485987125156776
60969329,0.3534162465830143
61001861,0.3531557742542951
61034360,0.3525358858747346
61068744,0.3548551028794173
61100912,0.3530580226252106
61134572,0.39011840702514733
61166979,0.35232130912796367
61200276,0.352941793554043
61233584,0.3527605954123253
61266175,0.35330359379095955
61298636,0.3527468863423927
61333025,0.3530687514625491
61365193,0.3534371082111726
61398956,0.3531182233236102
61431301,0.3530222598340821
61464533,0.3530371609970523
61497872,0.3526223126199618
61530345,0.35182361028475884
61562753,0.39042537098233354
61597172,0.3518569888898121
61629384,0.3903627860978587
61663002,0.3516322793522214
61695469,0.3904873598202896
61728760,0.35190526865783556
61762006,0.35169426819017746
61794569,0.3524339619200184
61826816,0.35397593426417523
61860689,0.35333995262860685
61892519,0.35658602197003625
61925611,0.35659377057478076
61957793,0.3564423747590035
61990585,0.3570723959293837
62023457,0.35706107104552637
62055488,0.3572375008150936
62087481,0.35642628150299566
62121317,0.35578433940223925
62152976,0.35489682613573387
62186180,0.3549939817182996
62218144,0.3531820003011227
62250844,0.3529441777401182
62283623,0.3519607009840847
62315821,0.3528935137860195
62724044,0.35480086264620575
62759275,0.35739485709605895
62795699,0.35388354705375996
62828888,0.3512746514409365
62871940,0.3564787335966508
62918775,0.35410110403312495
62951199,0.352475685176335
62984516,0.3900719153966803
63018765,0.35392586635659534
63050848,0.35210077191600464
63084426,0.35285953913444745
63117594,0.35224084284792456
63150691,0.3524995270370873
63184307,0.3516620816781618
63216827,0.3520161333103339
63249934,0.3522158088941346
63284193,0.3525776091310512
63317057,0.35291079913506496
63350654,0.35239402680325826
63383835,0.35199348354261917
63417055,0.3525293293630277
63450245,0.39059286005411864
63482700,0.35288040076260574
63515871,0.3522724333134214
63550259,0.3522420349409622
63582447,0.35281483564553684
63616176,0.35321716704573236
63649742,0.35257403285193833
63683143,0.3519386472628888
63716337,0.35173718353953165
63748785,0.35269026192310593
63781964,0.3516698302829063
63816194,0.35213951493972717
63848245,0.39061610586835216
63882572,0.3520179214498903
63916217,0.3905189502857864
63950068,0.3518289747034281
63984074,0.3507805288768445
64016967,0.35188261889012085
64050555,0.3504872739895909
64085305,0.34972731467811047
64117859,0.35044674282631194
64151869,0.35025064352162405
64185717,0.3510857046944743
64219422,0.35235528377953573
64253187,0.3526211205269242
64286180,0.352724236574678
64319785,0.35214309121884
64354454,0.3545803254342467
64386976,0.3529119912281026
64420961,0.35462741310923257
64454669,0.3540921633353428
64488407,0.35525981846568805
64522408,0.35318080820808506
64555313,0.35482887683258973
64596749,0.3498763263078125
64661540,0.3901905286539231
64694008,0.35325352588337966
64728218,0.3516394319104471
64761864,0.3507793367838069
64795633,0.31623963311191
64829408,0.2314293660437305
64862402,0.23403110909832825
64896177,0.1601797533249561
64930916,0.19497575699994052
64963979,0.1350730818597176
64998668,0.14199854636174994
65032016,0.1304298794782018
65066268,0.14127971426006725
65100655,0.12864412410785248
65133766,0.1295924341192763
65164621,0.12213946844809871
65197222,0.14526011291266833
65224244,0.14106871379240915
65248805,0.1445073061594136
65273108,0.14107348216455962
65297473,0.1424032619480207
65321978,0.1402276921543708
65345658,0.12685181222579625
65370666,0.14872850760561318
65396756,0.14535846058827168
65420169,0.13102890622960403
65445379,0.14177145263808402
65470152,0.1453972036119942
65494748,0.12573422500303089
65519408,0.14618756129593388
65543437,0.1451194459342296
65568040,0.13142408507157385
65593865,0.12659432012967112
65617171,0.15054346925538412
65642030,0.12374521776976798
65666619,0.14910997737765042
65691349,0.1239144949811095
65715963,0.13340355556053585
65739951,0.14371694847547395
65764652,0.14717401828456142
65790373,0.12470664080460558
65824689,0.14084936867348774
65856715,0.1397681402883697
65881317,0.1431113652123648
65906126,0.13940216772582145
65935006,0.1298970138903873
65967978,0.13103129041567926
66001465,0.1421201398515868
66036208,0.13084234366921707
66068635,0.13889970051046616
66126438,0.13759197444820098
66160682,0.12505175173899552
66193801,0.13977648493963302
66226907,0.1296079313287653
66259291,0.13853730422703078
66292430,0.3538704340303462
66326659,0.3540665333350341
66358650,0.35437826566437075
66392155,0.35497431218317893
66425342,0.3543109124077454
66458446,0.35459641869025454
66491568,0.3545433705500806
66523956,0.3553879684672318
66557054,0.3551626628831223
66592300,0.3555840677719197
66624370,0.3548556989259361
66658040,0.35678927383294984
66691185,0.3555912203301454
66724374,0.35650436359695953
66757841,0.35581414172817966
66790683,0.3565603919697275
66824289,0.3560418314983644
66858998,0.35509292544042176
66892424,0.35474960264558825
66926391,0.3553599542808478
66960321,0.353958052868611
66993906,0.35470668729623406
67027547,0.35471920427312903
67060400,0.35482351241392046
67093960,0.35398487496195735
67128585,0.39059226400759983
67161099,0.3549230521825614
67195051,0.3515881719098296
67228584,0.389874027952436
67262171,0.3901875484213291
67295822,0.35047594910573354
67328752,0.39020066144474286
67362419,0.350642246084481
67398354,0.34917537560169404
67432252,0.34892265187771937
67464905,0.3889942632906751
67498524,0.34873906954992645
67531925,0.3493166386266516
67564745,0.3125554695791566
67597274,0.3491729914156188
67631915,0.34876767978282924
67664239,0.34892920838942626
67698196,0.3879863486273704
67730795,0.3492093502532661
67764317,0.3482109723342624
67797807,0.3491783558342881
67851530,0.35002474189099575
67884176,0.3508079470167097
67918784,0.3496027409556795
67951238,0.3510570944615715
67985428,0.3497088372360274
68018009,0.3509921253910214
68051456,0.35000268816979985
68084968,0.35045627957061287
68117800,0.3509307325995842
68150392,0.35090629469231305
68185057,0.34954730862943034
68217345,0.3513706149304646
68251181,0.3503799856162054
68283692,0.350831788877462
68317127,0.35070244678288065
68350517,0.3509098709714259
68383956,0.3502101123583451
68417359,0.3509170235296516
68452419,0.34956340188543816
68484275,0.35084788213346985
68517601,0.35042588119815365
68549765,0.350859803063846
68582744,0.35015587212513355
68615632,0.3498310267723831
68647978,0.31335476796087836
68679974,0.34979764816732983
68714038,0.3487587390850471
68745909,0.35089318166889927
68779360,0.3505903900373447
68811376,0.353899044263249
68844402,0.35545532172385713
68877301,0.3548980182287715
68909515,0.3541499798476672
68941527,0.35642568545647685
68975992,0.35537008707166756
69007819,0.35671655615765524
69041082,0.35650913196911
69073169,0.3516990365623279
69106202,0.35428409031439906
69139192,0.3549284166012307
69171491,0.3529704037869458
69203485,0.3517991723774877
69237598,0.3523666086633931
69269402,0.34963731165377043
69302732,0.34984115956320283
69334748,0.35135213748838157
69367735,0.350639265851887
69400655,0.35153214353706164
69432905,0.3504378021285298
69464971,0.3894538151566762
69508418,0.3559208340550463
69570343,0.35227720168557186
69603634,0.351487440048151
69635717,0.35039488677917563
69668846,0.349663537700598
69701814,0.35006169677516186
69734088,0.3507280767831894
69766207,0.35069589027117376
69800231,0.3506035030607585
69832022,0.3494507490933834
69865377,0.34917001118302476
69898464,0.31271342190664075
69931454,0.34870211466576034
69964836,0.3495294272338661
69997146,0.3493762432785324
70029129,0.3511959733004538
70063254,0.35013262631090003
70095584,0.3523612442447238
70131104,0.34937147490638193
70162009,0.35005514026345497
70193357,0.35239879517540873
70223750,0.3548402017164471
70253704,0.35367135449306425
70283230,0.3497797667717656
70314957,0.35000209212328104
70344229,0.3502256095678341
70377620,0.3552127307907022
70409716,0.3552335924188605
70442632,0.3549439138107197
70475479,0.3555757231206564
70507756,0.35589341591518114
70539757,0.35539214079286346
70573837,0.3552627986982821
70605719,0.3538799707746471
70639039,0.3537339393775391
70671252,0.3526026430848411
70704306,0.35210017586948583
70737262,0.3126293793474888
70769612,0.34826640466051156
70801751,0.3495383679316482
70835951,0.3479189095400464
70868177,0.34980539677207434
70901634,0.3488284765277477
70933792,0.349026363971992
70967734,0.34807566977449295
71001759,0.3493833958367581
71034044,0.3486836372236773
71066138,0.34671966394420434
71100369,0.34849826675632795
71133440,0.386511729539839
71167447,0.3488755642027335
71207871,0.35562579102823627
71251555,0.34861628396705197
71284876,0.3489762960644121
71317203,0.3487998662948449
71349333,0.3471523937168591
71384628,0.34817938186876557
71416820,0.3477514204682613
71451240,0.34742836325506726
71484068,0.3480053362852736
71517641,0.34737531511489333
71551042,0.3483510432661823
71583870,0.34754399627971605
71616847,0.34659568626829224
71651364,0.3474528011623384
71683859,0.34771208139801996
71717734,0.3479618248894006
71750540,0.3479135451213771
71784029,0.3475898918616643
71817413,0.34816388465927656
71850081,0.3460532839361768
71882942,0.38646523791137194
71918211,0.34807566977449295
71950621,0.3480810341931622
71984973,0.34717385139153617
72017577,0.3479701695406639
72051088,0.34762327046671754
72084698,0.34823779442760877
72117523,0.3479993758200855
72150170,0.34711305464661774
72184902,0.34865025861862403
72221938,0.3509301365530654
72255784,0.3512394846963268
72289868,0.3529793444847279
72323934,0.35343412797857854
72357258,0.3535575096079719
72391264,0.3138524668040832
72426418,0.3557801670766076
72459266,0.35598997545122807
72493885,0.3544128363624616
72527836,0.35392705844963296
72561805,0.35340492169915694
72595450,0.3536987726329294
72628352,0.35394017147304674
72661760,0.353827518680992
72696396,0.3496218144442814
72728891,0.35379473612245754
72762773,0.39017741563050934
72796131,0.3485095916401853
72829687,0.3467470820840695
72871793,0.34695271813305834
72923731,0.35017196538114137
72957823,0.34963015909554473
72993056,0.3518629493550002
73025981,0.35161320586361955
73060297,0.35040501956999537
73094285,0.3508967579480121
73128245,0.3499412953783626
73162210,0.3494143902557361
73195465,0.3495526730480996
73229419,0.38846139770286053
73264466,0.3449219876434788
73297457,0.34480099020016075
73331771,0.3433162383218096
73365661,0.3432834557632751
73399659,0.3446227722910371
73433634,0.3432381562278457
73466827,0.343812149025458
73500694,0.3457612211419608
73535736,0.34648780184838796
73568624,0.3432608059955604
73603033,0.3434074334391872
73636958,0.3424364736600487
73670826,0.34436349205535555
73704740,0.34685317836441737
73737951,0.34595672440012987
73771887,0.34768406721163597
73807095,0.35074536213223484
73839936,0.3485024390819596
73874243,0.38970534678761326
73908182,0.3469145711558546
73942125,0.3515750588864158
73976338,0.3539514963569041
74009542,0.35425369194193984
74043483,0.3543603842688065
74078521,0.35305742657869177
74111353,0.42295758997888444
74145697,0.42962615843131047
74179693,0.4063272960576172
74213610,0.3688407383967326
74247518,0.38495724021878724
74280767,0.3854072553404874
74314689,0.33391181634805395
74349796,0.2780044410234023
74383017,0.2961707468236383
74416928,0.2955198640250998
74450447,0.29926780453536567
74483998,0.3098130595461201
74517546,0.35035137538330263
74550293,0.3030550841158729
74583752,0.2941543214505102
74640159,0.3846800785875414
74673471,0.3688633881644473
74709450,0.35314325727740015
74745700,0.4217744376390502
74782146,0.41110878123149647
74815802,0.39055590516995253
74848593,0.3349447649651486
74881980,0.3429675511083068
74916646,0.3441554718202915
74949055,0.34320537366931125
74983815,0.34451548391765163
75017497,0.34568373509451567
75051448,0.3472543176715753
75087493,0.35775606128645676
75122372,0.35137895958172793
75156731,0.3813958622689083
75192092,0.405277658137996
75216074,0.37533526126566663
75241433,0.3528684798322296
75266182,0.3795183157346625
75290990,0.35472874101742996
75315979,0.3839683990440844
75340013,0.42222922113290084
75364776,0.3148556130952374
75390809,0.3635687069378742
75414469,0.323094764124723
75439667,0.46298330580989194
75464450,0.3345102470529374
75489234,0.42406981278298056
75514000,0.35330359379095955
75538161,0.3997427701643431
75562888,0.360163493175923
75588808,0.4044563060350783
75612278,0.3590035866503223
75637455,0.40350203555846637
75662184,0.3587204645538884
75687179,0.4013616325094262
75711905,0.3600615692212068
75735992,0.40868764027209764
75760838,0.3631705478633103
75786759,0.4022205355430288
75810411,0.35660151917952526
75835817,0.404768038364415
75860574,0.35482410846043927
75885986,0.3981900689828478
75916484,0.3636134104267848
75951165,0.3588891457187111
75984913,0.3665984113929762
76019814,0.362739606230212
76052271,0.34844760280222925
76086462,0.34658972580310415
76139290,0.34977559444613393
76173960,0.3508526505056203
76207781,0.3482181248924881
76240749,0.34706417883207547
76274299,0.3481823621013596
76309674,0.3483564076848516
76342190,0.34710113371624157
76376261,0.3480858025653127
76409870,0.34847740512816966
76443556,0.3474241909294356
76477129,0.3486413179208419
76510268,0.3488791404818464
76543963,0.34949843281488807
76578852,0.34760240883855925
76611359,0.34857813698984824
76645471,0.3479397711682047
76679036,0.3486198602461648
76713020,0.3489453016454341
76746632,0.3496933400265384
76779602,0.3486991344331663
76813179,0.349302929556719
76848384,0.34416739275066766
76880800,0.3455275709065879
76915173,0.3440559320516505
76950240,0.3437829427460364
76984023,0.343159478087363
77019435,0.34610752416938834
77060456,0.35158459563071676
77099325,0.3427482059893854
77132022,0.34394983577130267
77166241,0.34348909181226395
77199965,0.3425532987777351
77233803,0.3463524992886185
77267505,0.3431505373895809
77300550,0.34607354951781627
77334291,0.3427869490131079
77369260,0.345850628119782
77402558,0.3447699957811827
77436681,0.34623328998485686
77470741,0.3444093876373038
77504507,0.34526709857786875
77538267,0.3449416571785995
77571311,0.3451317960180993
77605015,0.3450543099706542
77640064,0.34800891256438643
77672752,0.3464699204528237
77707161,0.3478235420970371
77740853,0.348591250013262
77774591,0.3495091616522266
77808405,0.34977619049265274
77841475,0.34999553561157415
77895952,0.3496092974673864
77931896,0.34467045601254176
77964608,0.34613076998362186
77998801,0.34463230903533804
78032574,0.34375731274572763
78066319,0.3433233908800353
78100079,0.3427642992453932
78133135,0.3435749225109723
78166843,0.34237448482209265
78201813,0.34524504485667284
78234494,0.34290675436338836
78268612,0.3460479195175075
78302288,0.34564022369864267
78336086,0.34617428137949485
78369815,0.34570876904830566
78402899,0.3464532311502971
78436598,0.346139710681404
78471922,0.3452343160193343
78504557,0.3443378620550468
78538739,0.3457266504438699
78572434,0.34449462228949335
78606155,0.3466445620828345
78639919,0.34720186557792015
78672913,0.34627739742724867
78706544,0.3471613344146412
78741451,0.349691551886982
78774068,0.3479260620982721
78808281,0.3499281823549488
78842203,0.3500712335194628
78876337,0.3506344974797365
78910689,0.35263244541078154
78944031,0.351192397021341
78978737,0.3520316305198229
79014045,0.34940068118580353
79046886,0.34926418653299646
79081119,0.3486323772230598
79115482,0.34523014369370264
79150714,0.3448284083400259
79184630,0.3431296757614226
79217733,0.34429911903132426
79251459,0.34308854855162485
79286392,0.34610812021590714
79319053,0.34521047415858197
79353233,0.34603540254061255
79386911,0.3455168420692494
79420673,0.34658853371006654
79454603,0.3446650915938725
79487674,0.34572963067646395
79521367,0.34434203438067845
79556337,0.34653190929077976
79589030,0.34532491509019314
79643483,0.3505820453860814
79677130,0.3513127984181402
79710860,0.3527528468075808
79744688,0.3522599163365264
79777729,0.3531611386729644
79811380,0.35193328284421954
79846337,0.3494638621167972
79878947,0.35093550097173465
79913170,0.3506327093401801
79946907,0.3495353876990542
79981028,0.3530604068112858
80014983,0.3496802270031246
80048178,0.39033834819058755
80081833,0.34435037903194177
80118542,0.34797970628496483
80150956,0.34124020829680063
80182863,0.34124795690154514
80214790,0.3319573798128819
80241434,0.35936479084072004
80266889,0.33170286794935083
80291253,0.3647846418362429
80316205,0.3016835810760952
80342383,0.3349483412442614
80366093,0.2776968810196973
80392314,0.33910099734079807
80417490,0.34368519111695184
80442965,0.33608082962999697
80468370,0.31632367567106195
80492901,0.33590439986042975
80518257,0.3478163895388114
80544680,0.32898131954447263
80568820,0.31393591331671633
80594647,0.3215247775941822
80619696,0.3595215510751666
80645030,0.35059456236297637
80670151,0.3195810698963487
80694393,0.3213060285217796
80719394,0.36213700319969694
80745670,0.32275620970203994
80769642,0.36029700759613603
80795317,0.31954053873306976
80820305,0.3595459889824377
80845653,0.31686965428229025
80870961,0.36821190931938996
80895680,0.3104055297858154
80920869,0.3729480949578398
80954965,0.32368186994574905
80987983,0.3157234568266221
81022632,0.3048038846020561
81056763,0.2830398420142939
81099263,0.34001175642153697
81147234,0.3629422620466068
81180572,0.3676474532660786
81214638,0.36306921995511293
81250099,0.3213882829413751
81283096,0.32442394786166523
81317785,0.3066856034619336
81351890,0.30649844485502775
81386005,0.30528250995665906
81420234,0.31499031960848806
81453776,0.31403187680624445
81487846,0.3152645010071398
81523173,0.3080481658039291
81556217,0.30439916901578534
81590881,0.3293490802465773
81624940,0.3393727945533746
81660844,0.31896475779590105
81693643,0.3616989090083729
81727095,0.3634316162385483
81761837,0.37169043680315456
81794620,0.31837407569576215
81828621,0.36828462699468456
81862160,0.369259163052936
81896483,0.3588945101373804
81930008,0.3585511873425469
81963175,0.36659483511386337
81996931,0.3696150028246645
82031706,0.3707451070243248
82064171,0.38069610365582746
82098470,0.3704047644620853
82131977,0.37164692540728156
82165657,0.35974566456623847
82199223,0.34672145208376076
82232028,0.3501314342178624
82265554,0.34881834373692794
82300278,0.3446066790350293
82332755,0.3459960634703712
82366800,0.3449780160162468
82400231,0.3440982513544859
82433720,0.3444391899632442
82467303,0.34376625344350975
82500106,0.3451043778782341
82533628,0.3444046192651533
82568429,0.3430575541326468
82600813,0.3432012013436796
82634844,0.3437275104197872
82668293,0.3428751638978915
82701825,0.34324888506518425
82735397,0.3426200559878416
82768259,0.34324828901866544
82801791,0.3427702597105813
82836422,0.34343067925342075
82891575,0.34756664604743076
82925681,0.34845594745349256
82959372,0.3478914914001812
82992869,0.34882013187648436
83026353,0.3493392883943663
83059357,0.348485749779433
83092841,0.3487641035037164
83127509,0.35022084119568364
83159881,0.3489029823425987
83193737,0.35021428468397675
83227210,0.35002474189099575
83260824,0.34974102374804306
83294385,0.3461796457981641
83327195,0.3503871381744311
83360672,0.35014931561342666
83396173,0.3515381040022497
83428654,0.3501677930555097
83462957,0.3518569888898121
83496495,0.3503567398019719
83529950,0.312529243532329
83563627,0.3492081581602285
83596570,0.3501677930555097
83630086,0.3494716107215417
83664881,0.34942273490699943
83697370,0.3489178835055689
83731385,0.3499108970059034
83764881,0.3491199432754449
83798464,0.34976188537620134
83832035,0.3492093502532661
83864877,0.35003785491440953
83898326,0.34902934420458603
83933069,0.3478473839577894
83965926,0.3493965088601719
84000047,0.3461254055649526
84033583,0.3452039176468751
84067261,0.34497503578365274
84100811,0.34404460716779317
84133722,0.34523729625192834
84167269,0.3442633562401958
84201894,0.3426176718017664
84234458,0.3438198976302025
84268593,0.34249130993977905
84302195,0.34083966503616153
84335805,0.34011070014365913
84369519,0.3402895140993016
84402398,0.3399563240952878
84436123,0.3393960403676081
84470953,0.3421754052848107
84503492,0.33877078756937834
84537576,0.34197513365449117
84571139,0.3417349269074114
84644663,0.3848028641704159
84678269,0.3431076220402267
84711135,0.35250071913012493
84744699,0.35318617262675434
84779517,0.3547817891576039
84811987,0.3905976284262691
84846168,0.35480205473924337
84880176,0.3536171142598527
84914129,0.3523076000580311
84947954,0.351164382834957
84981110,0.35016302468335925
85014659,0.34874681815467096
85049400,0.3499192416571667
85081926,0.34999672770461177
85116805,0.3495717465367015
85152562,0.3440702371681019
85182800,0.3431070259937079
85212203,0.3482687888465868
85240021,0.3497869193299913
85269172,0.34489695368968887
85300990,0.3474891599999857
85330449,0.3499907672394237
85361653,0.35133723632541136
85394574,0.350232166079541
85427659,0.34984294770275925
85460791,0.3502256095678341
85493258,0.3479975876805291
85526255,0.3482997832655648
85560561,0.3500074565419503
85592637,0.34804705954159015
85626171,0.34794453954035515
85659182,0.34780625674799165
85692304,0.3474253830224732
85725497,0.34717385139153617
85757908,0.34317735948292727
85790941,0.3446370774074885
85825308,0.34668509324611346
85857257,0.3438336067001351
85890721,0.3437859229786304
85923692,0.343681614837839
85957005,0.34360532088343154
85990174,0.3437042646055537
86022532,0.3447109871758207
86055541,0.3449052983409522
86089948,0.3434545211141731
86121946,0.34539882485852536
86155448,0.34483019647958235
86188550,0.3453731948582166
86221640,0.34450296694075666
86254772,0.34532551113671195
86287191,0.3427631071523556
86335706,0.34241084365973995
86370380,0.34301642692284906
86403362,0.3427857569200703
86436887,0.3431952408784915
86470156,0.34370128437295966
86503868,0.3467041667347153
86540289,0.34508649648266987
86573787,0.3445345574062535
86608513,0.3440612964703198
86640929,0.34438614182307026
86674891,0.3450721913662185
86708433,0.34356359762711497
86741949,0.34465376671001513
86775456,0.34571472951349375
86808302,0.3439432792595958
86841791,0.34404877949342483
86876452,0.3473788913940062
86908829,0.34561101741922107
86942831,0.34697417580773543
86976569,0.3474438604645563
87010106,0.34730498162567397
87043646,0.34781281325969854
87076525,0.3472763713927712
87109961,0.34744803279018793
87144644,0.3488362251324922
87177016,0.3472626623228386
87211063,0.34838144163864154
87244518,0.34860734326926984
87277981,0.3485155521053734
87311528,0.34905080187926313
87344290,0.3483778653595287
87377774,0.34749273627909855
87412457,0.34775440070085534
87444841,0.3484446225696352
87478821,0.34909610141469255
87512377,0.3461629564956375
87545925,0.3483277974519488
87579161,0.3489745079248557
87611565,0.34929994932412495
87644667,0.3488719879236207
87679066,0.34877602443409256
87712152,0.34879748210876965
87745784,0.34850482326803484
87778931,0.34657601673317157
87812014,0.3472340520899358
87845127,0.34907523978653426
87877850,0.3484058795459127
87911877,0.34902994025110484
87946356,0.34940068118580353
87979049,0.34814719535674993
88035706,0.3440034799579954
88068950,0.34387652204948926
88102217,0.34417573740193097
88136781,0.3437024764659973
88169328,0.34374419972231385
88202662,0.34319702901804794
88237084,0.342441838078718
88269212,0.3436685018144252
88302859,0.34300152575987886
88336101,0.34282748017638687
88384733,0.3440010957719202
88417156,0.3478753981441734
88449693,0.349302929556719
88482943,0.34908298839127877
88517231,0.34765247674613914
88549261,0.3492600142073648
88582737,0.34955624932721246
88615993,0.3493613421155622
88649189,0.3500801742172449
88682284,0.349013846995097
88714775,0.3506482065496691
88747895,0.35051886445508773
88782142,0.35023633840517265
88814208,0.39018456818873504
88847764,0.3895640837626557
88880872,0.3509557665533741
88914102,0.3516805591202449
88947305,0.3905040491228162
88983240,0.3492612063004024
89016479,0.3490615307166017
89050693,0.3476149258154542
89082759,0.3471893486010252
89116402,0.34424607089115034
89149508,0.3415936638824539
89182910,0.34273092064033994
89216181,0.34267370017453436
89248625,0.3447306567109414
89281831,0.3451896125304237
89316202,0.34460429484895405
89348268,0.34501914322604454
89382406,0.3452182227633265
89415970,0.34281019482734143
89449167,0.3433043173914334
89482103,0.3440982513544859
89514383,0.34501377880737527
89547387,0.3455639297442352
89581551,0.34556512183727284
89613486,0.34534875695094547
89646932,0.3466457541758721
89679925,0.34387532995645165
89721323,0.3375471040662651
89802542,0.3393054412967493
89834937,0.3390431808284737
89868295,0.33893231617597536
89902848,0.33741895406472133
89934919,0.33947948688024127
89968650,0.3387242959409113
90002020,0.3385860131485478
90035343,0.33706371033951166
90068479,0.3377074405798245
90104816,0.3413397480654416
90140252,0.32182101271402985
90175224,0.31373444959335917
90205877,0.32618347718518703
90230848,0.3365725680080137
90255545,0.3427064827330688
90280178,0.3374755784840081
90304628,0.3424150159853716
90328519,0.33906404245663196
90353103,0.34034613851858836
90378808,0.33825997570275973
90401941,0.33949319595017385
90426694,0.34013573409744907
90451346,0.3353780907843221
90476076,0.33941928618184164
90500558,0.3365993901013601
90524597,0.342457335288207
90549349,0.33861104710233775
90575023,0.34195784830544573
90598427,0.3387099908244599
90623352,0.3440010957719202
90647985,0.3401601720047202
90672564,0.3467464860375507
90697122,0.338091294537937
90720821,0.34446601205659055
90745416,0.3424656799394703
90771273,0.34568909951318494
90794546,0.34321193018101814
90819422,0.3284699116313352
90844097,0.3712499584257553
90868687,0.33100608956886407
90893981,0.35924200525784555
90924585,0.3223807003951908
90959394,0.32335523645344216
90994458,0.34905318606533836
91026949,0.33755246848493436
91061115,0.3495496928155056
91094968,0.35290424262335807
91128766,0.3587586115310921
91162380,0.3604329062024243
91197035,0.3782058213002469
91250628,0.3848463755662889
91284183,0.3865057690746509
91318225,0.41848724108782304
91352326,0.41740958898181785
91386120,0.3850645285921727
91419726,0.3349113863600953
91452723,0.38729791489814697
91486540,0.3356326026478532
91521439,0.30749384254143747
91554070,0.3184599063944705
91588119,0.3150535005394817
91621996,0.3269023092868697
91655737,0.32277051481849134
91689448,0.3140050547128981
91722460,0.31742993800996994
91756423,0.3326410451699549
91791316,0.33304397261666924
91824038,0.3355086249719411
91858090,0.33290747796386216
91891932,0.33766750546306434
91925731,0.34299973762032243
91959556,0.3419483115611448
91992503,0.34099046480542
92026342,0.341845195513391
92061165,0.3444827013591172
92093698,0.340918939223163
92127845,0.3410977531788055
92161581,0.3432596139025228
92195417,0.3440559320516505
92229262,0.34376565739699094
92262256,0.34480218229319837
92296187,0.3453815395094799
92330982,0.34686033092264307
92363521,0.34739260046393877
92398294,0.348824304202116
92432085,0.3504127681747399
92465958,0.34638408975411533
92499561,0.3475124058142192
92532559,0.39021317842163783
92566445,0.3442198448443228
92601311,0.3480560002393723
92633965,0.3471541818564155
92667966,0.3509962977166531
92701734,0.3501093804966665
92735585,0.3577131459371026
92769254,0.38669054349548143
92802205,0.3725624528601709
92836135,0.3845131855622751
92871010,0.32522741856901866
92903568,0.3293216621067121
92937654,0.3297216093208324
92992283,0.3222269203933382
93027166,0.3170109173072478
93060738,0.2792418335964481
93093730,0.3241432099513066
93127639,0.3254133850828868
93162399,0.34782175395748066
93194861,0.3062540657823164
93228866,0.33660535056654817
93262702,0.3136492149411696
93296403,0.36341433088950287
93330124,0.3655481774268362
93363049,0.36125366225882316
93396907,0.36031250480562504
93431826,0.36404792833899596
93464385,0.37834827641824204
93498433,0.364734573928663
93532073,0.36860351188224694
93565523,0.34019235851673585
93599200,0.2865213497306525
93632324,0.2722281542096322
93666209,0.18714370574280093
93701137,0.17268480928955188
93733770,0.14988781808469512
93768036,0.15484215674902876
93801948,0.13669134815828182
93835726,0.11865021212699557
93869438,0.16688944898717986
93903165,0.18262567313023487
93937059,0.15522660675366004
93972237,0.09764076443204456
94004838,0.1912987460254128
94039046,0.19012274624380424
94072850,0.155164617915704
94106595,0.15123607531023922
94140380,0.14155031937960616
94173371,0.1526463213737394
94207278,0.14317275800380205
94242278,0.15781642887788164
94274929,0.14239312915720095
94309060,0.13633670047959096
94343004,0.1199251556307263
94376804,0.14598013710738864
94410467,0.13857962352986616
94443563,0.13105394018339397
94477378,0.09386302159583826
94512310,0.12333931009045959
94544930,0.09075463900025356
94579053,0.12703360641403275
94612924,0.13065876134142415
94646713,0.13700129234806208
94680370,0.12777628037646774
94733866,0.13184966228600292
94767942,0.12113870634301976
94802703,0.1379114553822822
94835052,0.1335388581203053
94868712,0.13861419422795704
94903400,0.1259964854713065
94937348,0.13499559581227252
94972673,0.10841490130602137
95005120,0.13578237721709935
95038525,0.12387873218998101
95073369,0.13538600628209188
95106844,0.12106300843513113
95143387,0.12753905386198208
95168693,0.12423099568259664
95194250,0.12829782108042492
95218744,0.12628258780033444
95242476,0.14854432923130145
95267199,0.13620676233849077
95292872,0.13004721761312696
95316167,0.13895036446456485
95341046,0.1263374240800648
95365780,0.11999906539905851
95391899,0.14525534454051786
95416156,0.14028312448061997
95439758,0.12509645522790613
95464566,0.14130176798126315
95490403,0.13102532995049118
95513983,0.1289951955074305
95538965,0.14455320174136183
95563804,0.1429873875364527
95588380,0.12782754037708524
95612860,0.14436544708793725
95636767,0.13665677746019095
95661448,0.13215066577800105
95687282,0.11862756235928086
95710444,0.14581384012864115
95735267,0.12473167475839553
95759924,0.14664949734801022
95784698,0.13968588586877417
95809183,0.1282733831731538
95833002,0.14047981983182667
95863843,0.1443684273205313
95896103,0.14044763331981103
95929953,0.1275843533974115
95963560,0.13815345026891832
95996968,0.12827755549878544
96030197,0.13825835445622855
96062765,0.12758256525785508
96096198,0.13801039910440435
96130881,0.1286310110844387
96163082,0.13804735398857046
96217580,0.1403719354119224
96251216,0.13708771909328926
96284941,0.12905837643842416
96318633,0.13794543003385426
96351687,0.12683214269067558
96385557,0.13759078235516337
96420525,0.12373568102546705
96453109,0.13661445815735557
96487243,0.12345136683599553
96521064,0.13509453953439468
96554868,0.12262763054700263
96588530,0.13396503138125318
96621697,0.15449227744248836
96655560,0.13515772046538835
96690534,0.12298525845828753
96723092,0.1341778199884677
96757333,0.12383939311973967
96791133,0.1310342706482733
96825153,0.122946515434565
96859004,0.13512672604641032
96892559,0.11815966584201644
96926591,0.13474108394874143
96961792,0.13331593672227104
96994182,0.13369502230823305
97028349,0.13336004416466285
97062274,0.134506241620331
97096165,0.1366901560652442
97129775,0.13470651325065056
97162837,0.12254835636000112
97216243,0.14041783099387062
97251229,0.1279902610767199
97283952,0.13773562165923378
97318034,0.08303941286080037
97351847,0.13671578606555296
97385663,0.12329997102021825
97419454,0.13668002327442447
97452575,0.12417913963546033
97486458,0.13628782466504868
97521353,0.12250186473153409
97553912,0.13620735838500958
97588014,0.12152196425461342
97621820,0.134810821391442
97655641,0.12062610633684473
97689438,0.13051988250254185
97722553,0.11904062259681494
97756431,0.13103605878782973
97791377,0.11993946074717769
97823964,0.13166607995820998
97858172,0.12015999795913672
97892035,0.13258995206236268
97934292,0.13954641098337303
97980616,0.13382198021673922
98013604,0.12102366936488979
98047417,0.13457001859784348
98082400,0.12329997102021825
98114926,0.13487281022939804
98149028,0.12316764869304284
98182892,0.13384880231008559
98216700,0.12427212289239441
98250373,0.138275639805274
98283527,0.1252979189512633
98317309,0.1395440267972978
98352292,0.12431384614871098
98385109,0.13798357701105798
98419398,0.12812973596212102
98452876,0.13771118375196265
98486191,0.12630464152153034
98519290,0.13818027236226468
98551820,0.1271826180437348
98585264,0.13924659958441252
98619723,0.1284921322455564
98651818,0.13802232003478052
98685404,0.12704969967004057
98718763,0.1388800309753455
98752058,0.1272422226956156
98785268,0.13899864423258831
98817726,0.12511016429783872
98851075,0.1417339017073991
98885558,0.1262867601259661
98917673,0.14201642775731418
98951351,0.13248564392157125
98984880,0.14115394844459872
99018369,0.12573780128214374
99052106,0.13927997818946578
99085073,0.12778462502773105
99118895,0.13921024074676522
99153711,0.12607873989090204
99186244,0.1361715955938811
99220345,0.12597800802922346
99255148,0.13791801189398908
99288950,0.11831165770431253
99322456,0.13065280087623607
99355536,0.12182714007224323
99389371,0.1338637034730558
99424369,0.1223355677527866
99467261,0.14061452634507732
99504457,0.13870300515925946
99538461,0.13583304117119804
99572261,0.12114407076168904
99605896,0.13328553834981183
99638912,0.12008251191169166
99681194,0.1374912425865224
99729478,0.1318055548436111
99761895,0.12331606427622607
99795735,0.12300373590037059
99829482,0.13371051951772206
99863271,0.1354825658181388
99897731,0.1360494060575254
99930676,0.1221025135639326
99965587,0.13624073699006284
100000919,0.1271611603690577
100035051,0.13786973212596562
100070020,0.12599171709915605
100106269,0.13498963534708444
100141063,0.11981131074563393
100175993,0.12142898099767935
100206931,0.12827278712663498
100238790,0.13974191424154214
100270883,0.13902487027941587
100300471,0.14184655449945385
100331722,0.12758196921133627
100362618,0.13827146747964233
100394384,0.15506805837965706
100428012,0.13303043043976193
100460951,0.12311042822723725
100494779,0.13320626416281034
100529706,0.13297499811351277
100562254,0.1348334711591567
100596305,0.1332479874191269
100630557,0.13375939533226433
100663958,0.1269430073431739
100704556,0.13887526260319502
100984633,0.13998867750032873
101022197,0.12755216688539586
101056554,0.136355177921674
101090284,0.1516264857800586
101123701,0.13443590813111164
101157198,0.12379170939823501
101190430,0.1346153181332729
101222984,0.12480558452672774
101256365,0.1373535558406777
101290832,0.12549282616291357
101322924,0.13636471466597494
101356573,0.12394727753964395
101390759,0.13670028885606395
101424624,0.12160004634857731
101458012,0.13502062976606247
101490605,0.12270750078052292
101524011,0.1348775786015485
101558506,0.12614966942664022
101590596,0.13477088627468184
101624643,0.12108565820284584
101666493,0.1389026807430602
101712715,0.13311208881283865
101746275,0.12185277007255198
101779317,0.12398602056336648
101813157,0.13533891860710603
101848066,0.12544097011577726
101880647,0.1344478290614878
101914670,0.12114705099428308
101948618,0.13443650417763045
101982364,0.12391032265547784
102015632,0.136805789089893
102048353,0.1234781889293419
102081985,0.13582767675252877
102116555,0.12829245666175565
102148738,0.1357644958215351
102182464,0.1236885933504812
102216208,0.1382684872470483
102251361,0.12795092200647856
102284657,0.13954998726248588
102317314,0.12461067731507747
102350746,0.13870836957792873
102385347,0.1285737906186331
102417567,0.13826371887489783
102451211,0.12496830522636238
102484686,0.14030219796922183
102518270,0.1290977155086655
102551491,0.1399058270342144
102584270,0.12768150897997724
102618312,0.13860525353017492
102653408,0.12762369246765284
102686137,0.1371842786293362
102720250,0.12539090220819737
102754117,0.1360261602432919
102788042,0.12482823429444245
102821828,0.13617696001255036
102854896,0.12635530547562904
102889140,0.13740839212040806
102924684,0.12165130634919481
102959712,0.13296724950876826
102993560,0.12327374497339069
103026949,0.1365298195516848
103060254,0.13554574674913247
103093549,0.13477207836771946
103126370,0.12158276099953187
103159758,0.1327651897388923
103194286,0.13203324461379584
103226428,0.12708725060072548
103261122,0.1319420494964182
103294641,0.13282777462336715
103353949,0.1360559625692323
103387091,0.12531043592815827
103419877,0.13815464236195593
103453425,0.12784840200524353
103487916,0.13901116120948329
103520020,0.12694062315709867
103553544,0.13966442819409708
103587010,0.12674094757329793
103620279,0.13667227466967996
103653440,0.1269567164131065
103685972,0.14135779635403112
103719356,0.12989403365779326
103753704,0.13822080352554364
103785845,0.1270520838561158
103819447,0.13556839651684718
103852761,0.12905778039190535
103886132,0.13833226422456077
103919283,0.1242715268458756
103951910,0.13734103886378274
103985415,0.13030947808140256
104020474,0.13900996911644567
104052692,0.13247312694467628
104086384,0.140022056105382
104119770,0.13024272087129604
104153125,0.13858618004157305
104186448,0.1273369940921061
104219100,0.14142693775021287
104252516,0.13073624738886921
104286946,0.13696850978952763
104319063,0.12905062783367965
104352684,0.14166595240425497
104386293,0.12935759179086587
104420207,0.13893307911551941
104453719,0.12806476689157092
104487046,0.13909758795471047
104520761,0.12618006779909943
104555621,0.1319289364730044
104588295,0.12277723822322348
104622367,0.13595165442844087
104656183,0.12462438638501006
104689915,0.13581814000822784
104723511,0.12230397728728977
104756531,0.1374328300276792
104790353,0.1220369484468637
104825241,0.13260723741140812
104857878,0.1530903760302515
104891930,0.13227225926783792
104925815,0.13222338345329565
104961676,0.1297897255170018
104994984,0.13361753626078798
105027496,0.1314783253047854
105076130,0.12708665455420667
105112550,0.12042583470652517
105146193,0.1230847982269285
105180743,0.12316049613481714
105212591,0.11906923282971774
105243632,0.1405978370425507
105276813,0.11949779027674082
105307390,0.13550819581844756
105338383,0.12116433634332852
105370359,0.1399219202902222
105402437,0.13879241213708068
105436538,0.1437276773128125
105470247,0.12768925758472174
105503940,0.13939620726063337
105537571,0.12552858895404206
105570522,0.13868214353110117
105604297,0.12562097616445733
105638861,0.1371205016518237
105672817,0.12467683847866518
105706265,0.13839544515555444
105739656,0.12663842757206292
105772895,0.1400441098265779
105805550,0.12726129618421747
105839005,0.13989390610383823
105873415,0.1285874996885657
105906605,0.12744428246549158
105940572,0.12587966035362008
105974896,0.1344108741773217
106008671,0.1242500691711985
106042264,0.13575257489115894
106075233,0.12424768498512327
106109084,0.13154150623577907
106143993,0.13151826042154555
106176516,0.13289512787999247
106210541,0.12930752388328598
106244353,0.13158442158513325
106278193,0.13284148369329973
106311838,0.1335686604462457
106344802,0.12121321215787079
106378598,0.13207854414922526
106413488,0.1332247416048934
106446149,0.13406457114989415
106480227,0.13407053161508223
106514075,0.13408126045242078
106547892,0.12312056101805699
106581659,0.13501705348694962
106614756,0.1250785738323419
106648592,0.13514460744197457
106683581,0.12446047359233779
106716226,0.13522090139638202
106750268,0.12404622126176611
106802044,0.13615967466350493
106835743,0.123630180791638
106869366,0.13690294467245873
106902485,0.12289763962002273
106936390,0.138524191203617
106971526,0.15533925954571481
107004117,0.14110388053701883
107038264,0.12678505501568973
107072162,0.1371050044423347
107105895,0.12477101382863687
107139624,0.1360553665227135
107172684,0.12585343430679252
107206540,0.13913156260628254
107241450,0.1238346247475892
107273964,0.1381600067806252
107308065,0.1220077421674421
107341859,0.13463260348231834
107375683,0.12388052032953743
107410009,0.12399019288899814
107442960,0.12606503082096945
107476943,0.12401939916841974
107511944,0.13529659930427065
107544426,0.13403774905654778
107578573,0.13305606044007068
107612458,0.13468624766901108
107646320,0.13371588393639133
107679929,0.13515772046538835
107712908,0.12244285612617208
107746677,0.133763567657896
107781580,0.1246708780134771
107814129,0.13381899998414518
107848223,0.12245477705654824
107882028,0.13849856120330825
107915836,0.12050391680048904
107949670,0.13509453953439468
107982978,0.11852265817197062
108016805,0.13541819279410752
108051670,0.12527765336962382
108084207,0.13505102813852168
108118272,0.12386085079441676
108152218,0.1360994739651053
108185972,0.1230698970639583
108219722,0.1341992776631448
108252743,0.12444795661544282
108286667,0.13846160631914214
108321611,0.1285004768968197
108354143,0.13938845865588886
108388182,0.12594403337765137
108421549,0.1396453547054952
108454962,0.12700678432068638
108496821,0.1353651446539336
108541855,0.1304507411063601
108575285,0.34578804323530715
108609823,0.3451240474133548
108641991,0.3467226441767984
108675731,0.34672741254894884
108709118,0.34687225185301923
108742404,0.34616712882126915
108775508,0.34677926859608516
108807981,0.34723822441556745
108841289,0.34833733419624974
108875657,0.3465331013838174
108908707,0.3474814113952412
108942198,0.3467745002239347
108975927,0.346434753708214
109009226,0.34649435836009485
109042359,0.34671489557205387
109074814,0.3468186076663265
109108200,0.34731690255605013
109142617,0.34644309835947734
109174606,0.3485697923385849
109208153,0.34663442929201477
109241495,0.347292464648779
109274798,0.34246031552080103
109307906,0.3490066944368713
109340401,0.3498226821211198
109373690,0.3504723728266207
109408189,0.34698907697070563
109440274,0.35054270631584006
109473797,0.3497577130505697
109507074,0.3504801214313652
109540349,0.35007480979857564
109573552,0.35068158515472236
109606133,0.3892785774801466
109639492,0.3894377219006684
109673896,0.3497386395619678
109705871,0.35156373400255847
109739628,0.35005990863560543
109772905,0.35065833934048884
109806125,0.3892982470152673
109839240,0.3905523288908397
109871723,0.3904372919127097
109905032,0.352099579822967
109939476,0.35050634747819276
109971665,0.3516006888867246
110005330,0.35181824586608956
110038618,0.3525352898282158
110071928,0.3517556609816147
110105093,0.35202924633374766
110140152,0.35212461377675697
110179853,0.3503281295690691
110232087,0.3492451130443946
110256487,0.34712259139091867
110281269,0.3530466977413532
110305903,0.34654502231419354
110331325,0.3527611914588441
110355024,0.3449422532251183
110379757,0.34976903793442704
110406544,0.3452265674145898
110430614,0.3482318339624207
110455606,0.3446364813609697
110480288,0.3502595842194062
110504758,0.3477788386081265
110529303,0.3508717239942222
110552992,0.3453600818348028
110577719,0.34862820489742813
110603488,0.3451168948551291
110626655,0.34665350278061663
110651513,0.3496206223512438
110676125,0.3455466443951898
110700633,0.34959082002530334
110724908,0.34656826812842706
110748747,0.39054338819305756
110792994,0.34540657346326986
110818628,0.3468788083647261
110841714,0.34614388300703564
110866417,0.34996692537867136
110890944,0.34712139929788105
110915717,0.35139326469817933
110945346,0.3462082560310669
110983266,0.34670595487427175
111023713,0.35084132562176296
111062302,0.3449351006668926
111094281,0.34530405346203485
111127889,0.34420494368135257
111161149,0.3447306567109414
111194488,0.34492377578303524
111227700,0.34513537229721214
111260287,0.3448397332238833
111293660,0.34535412136961474
111328266,0.3446436339191954
111360345,0.3455627376511976
111393968,0.3447372132226483
111427223,0.3449410611320807
111460853,0.3448540383403347
111495626,0.34495536624853207
111529360,0.34438673786958907
111564482,0.3466862853391511
111599757,0.3460187132380859
111631814,0.34654442626767473
111665426,0.3453088218341853
111698825,0.34556512183727284
111752100,0.3496087014208676
111786473,0.350595754456014
111818969,0.34912530769411415
111852413,0.34964625235155256
111886968,0.34956876630410744
111919946,0.34979824421384864
111953788,0.35033707026685124
111988204,0.34932319513835847
112021413,0.31266096981298563
112054648,0.35095099818122366
112087134,0.3475165781398509
112120465,0.3506833732942788
112154971,0.3521788540099685
112186997,0.3506482065496691
112220516,0.3477073130258695
112253876,0.3486478744325488
112287121,0.34997228979734063
112320247,0.3505170763155313
112352705,0.3494716107215417
112386082,0.350176137706773
112420472,0.348296206986452
112452593,0.3498304307258643
112486244,0.3497887074695477
112519442,0.35004560351915404
112552670,0.34989361165685795
112585875,0.34989420770337676
112618361,0.34764472814139463
112651686,0.34821335652033764
112686173,0.3498769223543313
112718192,0.34827117303266203
112751870,0.3477883753524274
112785124,0.34838322977819797
112818383,0.34763161511798085
112851535,0.3483647523361149
112884041,0.3455239946274751
112917248,0.3453380281136069
112951859,0.3476053890711533
112983963,0.3449780160162468
113017552,0.3460920269598993
113050773,0.34572963067646395
113084039,0.3449726515975775
113117200,0.3455764467211302
113149680,0.3454596216034438
113182975,0.34609321905293694
113217517,0.34507695973836894
113249587,0.3459459955627913
113283253,0.3454769069524892
113316477,0.3459304983533023
113349743,0.34547273462685757
113383012,0.3459579164931675
113418095,0.34459714229072835
113469894,0.34975413677145684
113520505,0.35037581329057377
113552457,0.3484213767554017
113586108,0.3489095388543056
113619318,0.3490579544374888
113652586,0.34833018163802404
113685779,0.3481746134966151
113718312,0.34738306371963784
113751585,0.34768287511859836
113786129,0.34864429815343595
113818220,0.34731213418389967
113851851,0.3474688944183462
113885161,0.3479719576802203
113918437,0.34764651628095106
113951802,0.3477788386081265
113984361,0.34443561368413134
114017670,0.34443024926546206
114052094,0.34742597906899203
114084143,0.34566764183850784
114117652,0.344032686237417
114150874,0.3452647143917935
114184159,0.34546558206863187
114217289,0.34618262603075817
114249779,0.34503523648205237
114283316,0.34531180206677936
114317768,0.34415845205288553
114349786,0.34498934090010414
114383413,0.3447688036881451
114416717,0.3456867153271097
114449942,0.3447479420599868
114483065,0.34536902253258495
114515563,0.3457856590492319
114548988,0.3464746888249742
114583363,0.34507159531969966
114615440,0.34632806138134736
114649080,0.345692079745779
114682437,0.3461182530067269
114715753,0.34587625812009076
114748986,0.3464258130104319
114781456,0.3455329353252572
114814748,0.3458798343992036
114848922,0.3459430153301973
114882566,0.3460747416108539
114917044,0.34426216414715816
114950442,0.34568850346666613
114983956,0.34504894555198495
115016430,0.3463370020791295
115049756,0.3465116437091403
115084312,0.3469711955751414
115116445,0.3466082032451872
115151055,0.3449643069463142
115202031,0.34959201211834096
115234761,0.3478616890742408
115265796,0.3453934604398561
115289688,0.3467965539451306
115314265,0.3508013905050028
115340945,0.3431713990177392
115364046,0.35025839212636856
115389061,0.34456137949959986
115413733,0.35016242863684044
115438496,0.3449279481086669
115462946,0.3476286348853868
115486794,0.34880523071351416
115511568,0.3461540157978554
115537585,0.34470681485018906
115561175,0.3458285743985861
115586462,0.3499198377036855
115611352,0.34618024184468293
115636278,0.34943823211648845
115661129,0.34660522301259317
115685153,0.3493404804874039
115710032,0.3460592444013649
115736137,0.3498304307258643
115759666,0.3457683737001865
115784909,0.31253162771840426
115809861,0.3460252697497928
115834831,0.31271282586012195
115859631,0.34602705788934923
115883872,0.35220925238242773
115908678,0.34533922020664454
115934823,0.35039548282569444
115958421,0.34623925045004494
115987458,0.3898448216730144
116021199,0.34922067513712346
116054983,0.35045389538453764
116088791,0.3513604821396449
116121964,0.3503495872437462
116155797,0.34979168770214175
116190830,0.3519159974951741
116223475,0.3128242865591391
116257746,0.351689499818027
116291591,0.3507996023654464
116325413,0.3507203281784449
116359254,0.3501868665441116
116392519,0.35014931561342666
116426616,0.3508747042268162
116461166,0.3459895069586643
116492195,0.34871641978221174
116523363,0.34969751235217006
116554224,0.3491640507178367
116585439,0.3485304532683436
116618892,0.3461111004485012
116671919,0.3476208862806423
116705282,0.3493780314180888
116739705,0.35006765724034994
116771805,0.34936670653423146
116805349,0.349955600494814
116838683,0.34951035374526424
116871898,0.3507274807366706
116905059,0.3501797139858859
116937522,0.34967367049141773
116970911,0.3487128435030989
117005411,0.3504008472443637
117037526,0.34913365234537747
117071013,0.35012666584571195
117104358,0.3490031181577585
117137600,0.34949724072185046
117170738,0.34878913745750634
117203275,0.3482121644273
117236514,0.3474742588370155
117270946,0.3496581732819287
117302925,0.34742717116202965
117336540,0.3481907067526229
117369758,0.3473127302304185
117403007,0.34780685279451046
117436157,0.34707609976245163
117468560,0.34623865440352614
117501902,0.3456366474195298
117536328,0.34760121674552164
117568351,0.34550909346450487
117601985,0.3461283857975466
117635309,0.34571532556001255
117668529,0.3460699732387034
117701735,0.3455317432322196
117734167,0.34586731742230864
117767462,0.34525994601964305
117801853,0.3458422834685187
117833899,0.34520272555383746
117867427,0.34641508417309336
117901373,0.3462052757984729
117935281,0.34548584765027135
117969324,0.34444455438191346
118002327,0.345717113699569
118035999,0.3438222818162777
118070876,0.347643536048357
118103481,0.3462708409155418
118137556,0.3473580297658479
118171234,0.34779135558502144
118204884,0.3489900051343447
118238573,0.3490287481580672
118271404,0.3487199960613246
118305101,0.3485888658271868
118348179,0.34384671972354885
118392336,0.34960512514175474
118425971,0.349853080493579
118459264,0.34935061327822364
118492613,0.3504586637566881
118525851,0.350014609100176
118558268,0.3510624588802408
118591510,0.3125918284168039
118625914,0.34963015909554473
118658007,0.389802502370179
118691569,0.3515083016763093
118724873,0.39051418191363596
118758253,0.3514278353962702
118791378,0.35073046096926463
118823810,0.3512812079526434
118857100,0.3507864893420326
118891483,0.3904372919127097
118923604,0.34932915560354655
118958975,0.312510766090246
118992458,0.34933511606873463
119025863,0.3505665481765924
119059219,0.35054807073450933
119091818,0.3515369119092121
119125351,0.3499764621229723
119159994,0.3496343314211764
119192201,0.35045449143105645
119225896,0.35074476608571603
119259355,0.35047654515225235
119300699,0.3455537969534155
119579198,0.34973208305026093
119615434,0.3442424946120375
119652810,0.3463751490563332
119687714,0.3450507336915414
119722831,0.3491282879267082
119756138,0.349694532119576
119789342,0.34996036886696447
119822562,0.34933630816177225
119854968,0.34888569699355326
119888336,0.3485179362914486
119922816,0.34999613165809296
119955128,0.3481370625659302
119988685,0.3488654314119138
120022050,0.34887616024925233
120055416,0.3497022807243205
120088744,0.3486496625721052
120121214,0.34774128767744156
120156746,0.34841720442977003
120192850,0.3498226821211198
120223016,0.3507286728297082
120253122,0.35007421375205683
120282348,0.34544233625439835
120311330,0.34386221693303787
120363490,0.3440118246092587
120393528,0.3470367606922103
120427601,0.3507072151550311
120465056,0.34552220648791865
120500062,0.3440547399586129
120534257,0.34547273462685757
120567538,0.34664754231542855
120600882,0.34623090579878163
120634123,0.3462219651009995
120666706,0.34560148067492014
120700033,0.34591917346944495
120734474,0.3454381639287667
120766558,0.34591142486470045
120800194,0.34501318276085646
120833514,0.34517232718137825
120866878,0.34502033531908216
120906175,0.3458923513760986
120938894,0.34819189884566054
120972628,0.3488094030391458
121007194,0.3495437323503175
121039255,0.3492361723466125
121072930,0.34908239234475996
121106412,0.34970287677083933
121139848,0.3495592295598065
121173170,0.3499478518900695
121205742,0.34891430722645606
121239164,0.34879688606225084
121273669,0.34670476278123413
121305761,0.34954075211772345
121339613,0.3490692793213462
121372957,0.3493243872313961
121406314,0.34880582676003297
121439709,0.3492391525792065
121472252,0.3482121644273
121505578,0.3488296686207853
121540172,0.3493607460690434
121572276,0.3487074790844296
121606044,0.34843270163925905
121639422,0.34933630816177225
121672769,0.3489339767615767
121706083,0.3491425930431596
121738639,0.3472352441829734
121774890,0.3481829581478784
121810087,0.35003904700744715
121835105,0.3510499419033458
121860537,0.3452790195082449
121885963,0.3518629493550002
121910416,0.34594837974886655
121935751,0.3508311928309432
121959829,0.34348074716100063
121984592,0.3513825358608408
122031468,0.347612541629379
122054802,0.34940783374402923
122079737,0.34586135695712056
122104324,0.34861509187401435
122128868,0.3451049739247529
122153550,0.34959976072308546
122177207,0.3451335841576557
122201782,0.3519517602863026
122227492,0.34601513695897307
122250759,0.3490037142042773
122275654,0.3443009071708807
122300526,0.34820560791559313
122339419,0.3457242662577947
122362996,0.34517292322789705
122386979,0.3505838335256378
122412311,0.34468416508247435
122438022,0.3480869946583503
122461163,0.34573618718817084
122486123,0.3497237383989976
122510654,0.3449500018298628
122540527,0.35164181609652234
122573739,0.349707049096471
122606397,0.34867290838633874
122639735,0.34876052722460354
122674210,0.3481615004732013
122706248,0.3489774881574497
122739869,0.3484362779183719
122773090,0.3490943132751361
122806300,0.3480714974488613
122839408,0.3486109195483827
122871932,0.34653190929077976
122905291,0.3473782953474874
122939654,0.3484893260585458
122971925,0.34682277999195815
123005662,0.3468054946429127
123039133,0.3471690830193857
123072411,0.3474378999993682
123105685,0.3473145183699749
123138212,0.346739333479325
123171418,0.3467041667347153