1655240926020858,d0,d1,d2,d3
19474,0.2717620458319242
56208,0.2679688057862289
81896,0.27212146188276554
108293,0.2694708430136255
134200,0.2726942625873402
158938,0.2698707902277458
183187,0.2741885512099923
209655,0.26915255417258194
233527,0.2737719146933454
259154,0.26954713696803295
283372,0.31236294655358154
308723,0.26991191743754356
334294,0.2736181346914929
360119,0.26930514208139683
385986,0.2729267207296754
413515,0.2702361667437752
439654,0.26769522043409594
466331,0.27321580329129735
491019,0.2690196357988877
517614,0.31246606260133536
544048,0.26945892208324934
569807,0.27180078885564674
595214,0.2692139469640192
622526,0.2687210164929648
646812,0.27219596769761656
673779,0.2681893429981879
699437,0.2726722088661443
725783,0.26847484928069704
761848,0.26751044601326535
805384,0.26829305509246054
829745,0.27132454768711894
864091,0.2680641732292382
896464,0.26906612742735475
931616,0.26951673859557373
964023,0.2695930325499812
996647,0.2693838202218795
1030796,0.2682835183481596
1062966,0.26879731044737226
1094114,0.2688080392847108
1127515,0.26899937021724823
1159932,0.27300480282363926
1194213,0.27030471209343815
1227460,0.27140501396715805
1260849,0.2695876681313119
1292352,0.269624623015478
1323308,0.27318778910491337
1354499,0.2722996797918892
1387262,0.2721858349067968
1417884,0.27032080534944597
1449925,0.2686822734692423
1481313,0.26901665556629367
1527995,0.26776197764420245
1559826,0.2680629811362006
1592992,0.26742461531455697
1632808,0.26488843737702816
1664654,0.2660352308792151
1692436,0.2642721252765805
1723372,0.2674281915936698
1753572,0.26959005231738714
1780450,0.26768747182935143
1806642,0.2627766445608907
1835196,0.2681154332298557
1860720,0.2649796324944058
1888323,0.26675227484134134
1912907,0.2670991739152877
1939171,0.26488664923747174
1964800,0.2680355629963354
1991043,0.26143673198660994
2016987,0.26924672952255363
2042221,0.26639703111613167
2066908,0.27180198094868435
2094063,0.2664435227445987
2119400,0.26946786278103146
2146178,0.2653998452901656
2171812,0.26649895507084786
2199079,0.2687055192834758
2229663,0.2660340387861775
2255633,0.2667147239106564
2281967,0.2702868306978739
2328983,0.2664286215816285
2356719,0.2674562057800538
2389676,0.27112069977768655
2421325,0.26918295254504115
2453356,0.27075889954077
2485131,0.2689588390539693
2516278,0.2669251283317957
2547282,0.2676403841543656
2580453,0.26630702809179163
2611096,0.26630702809179163
2643352,0.26837948183768773
2674410,0.2715158786196564
2707504,0.27161839862089143
2741029,0.27199867629989105
2772286,0.2703959072108158
2802205,0.2699578130194918
2835986,0.2693033539418404
2865583,0.2665597518157663
2896762,0.2669912894953834
2926878,0.26661339600245904
2962440,0.26622238948612087
2996219,0.26560250110656036
3027936,0.2661747057646162
3060105,0.2684051118379965
3092662,0.2674109062446244
3126151,0.2717757549018568
3162041,0.2660352308792151
3194949,0.26645484762845606
3228400,0.2669608911229242
3262019,0.2667630036786799
3288251,0.26844743114083186
3314885,0.2704614723278847
3342992,0.2663570959993715
3368622,0.27143302815354203
3395421,0.2667838653068382
3420016,0.2706456507021964
3446234,0.2688646637039976
3472668,0.266144307392157
3498380,0.26912275184664153
3523833,0.2669966539140527
3550970,0.27226749327987354
3576081,0.26703778112385046
3602766,0.26978078720340576
3628358,0.26702824437954953
3654516,0.27126613512827574
3679987,0.2687287650977093
3706290,0.26685539088909516
3732411,0.26870849951606984
3761446,0.26621940925352683
3786651,0.2709186400078106
3813353,0.2669108232153443
3872735,0.2671796401953268
3899002,0.2699286067400702
3925305,0.2665537913505782
3950818,0.2701044404631186
3983358,0.2668088992606281
4019374,0.2664655764657946
4052853,0.2690255962640758
4083690,0.2684706769550654
4111813,0.2671879848465901
4139445,0.26885453091317785
4167375,0.2693742834775786
4197008,0.2654433566860386
4226937,0.2672744115918173
4256924,0.26503208458806093
4282239,0.27012291790520165
4307824,0.26651385623381807
4335497,0.2726453867727979
4359971,0.26788535927359575
4387980,0.26836756090731156
4413990,0.26732805577851004
4444032,0.26659253437430075
4469921,0.2713734235016612
4497288,0.26706639135675325
4523115,0.2676189264796885
4550395,0.2721250381618784
4577897,0.26756110996736404
4603973,0.2698135697619402
4632566,0.26662054856068473
4660517,0.2677196583413671
4685331,0.27238610653711637
4712996,0.2683610043956047
4740159,0.266610415769865
4767364,0.26953342789810036
4799966,0.26757720322337186
4833679,0.2674347481053767
4866125,0.26767435880593765
4899767,0.26784959648246726
4931041,0.2666980346081298
4964019,0.26649001437306574
4996616,0.2693397127794877
5029957,0.27212921048751004
5064178,0.27398827957967276
5094659,0.2758467526253167
5128204,0.2810138798968649
5160395,0.2770459982211588
5187502,0.28139177338978927
5215081,0.28151277083310733
5242272,0.27758363218112375
5269190,0.28255525619450284
5295580,0.2775067421801975
5348983,0.2828950027102235
5374927,0.2783239219574835
5403285,0.2808481789646362
5428802,0.2768421503117264
5456115,0.2789777849886161
5482425,0.2800459003503204
5508437,0.2769542070572623
5535016,0.28383496807038405
5560988,0.27766946287983213
5587525,0.28167429943970435
5615628,0.2793377970859763
5640957,0.27759853334409396
5667551,0.2834087948094362
5694360,0.27848127823844887
5720969,0.2819681503734768
5747333,0.27841571312137997
5775546,0.27810159660596806
5802088,0.2845949273818645
5829310,0.27819517590942094
5855035,0.28181973479029354
5883685,0.2829522231760291
5919087,0.27785423730066267
5955349,0.2807367182656191
5989906,0.2836543659751852
6022668,0.2814966775770995
6055365,0.2818471529301587
6087130,0.28238955526227416
6112699,0.2775001856684906
6140009,0.27679506263674053
6166488,0.28166714688147865
6192791,0.2758157582063387
6218924,0.28408173132917064
6244250,0.27843717079605707
6270812,0.28221312549270694
6298898,0.28062644965963957
6325014,0.27709547008221985
6352850,0.2820223906066883
6379813,0.2777248952060813
6405879,0.2792787884806142
6432760,0.28238836316923654
6459026,0.27568164773960685
6485798,0.2832389215515759
6513854,0.27721765961857553
6539454,0.2818388082788954
6565776,0.2813726999011874
6592747,0.2770316931047074
6619530,0.2832264045746809
6646235,0.2767783733342139
6672010,0.2817786075804958
6699018,0.2800011968614098
6726196,0.27688506566108056
6817327,0.27880135521904886
6853187,0.2779573533484165
6888956,0.28090241919784775
6924937,0.28236750154107826
6960378,0.2849328857580287
6995018,0.28311673201522014
7027729,0.28240982084391364
7061659,0.2799380159304161
7093104,0.28291407619882536
7126472,0.28297070061811214
7159666,0.2837306599295926
7192432,0.28361621899798145
7225229,0.28387907551277586
7257223,0.28446796947335834
7290613,0.282610688520752