1655240977609354,d0,d1,d2,d3
19427,0.2759677500686348
49581,0.2799058294184005
75599,0.2792466019685986
100762,0.2779287431155137
125755,0.2800971603509379
151025,0.2788496349870723
177811,0.2817726471153077
202029,0.27669373472854314
227721,0.2811104394329118
253087,0.2779358956737394
278558,0.28198781990859745
303740,0.2776819798567271
333762,0.2837086062083967
365896,0.28071883687005483
399503,0.2813518382730291
431095,0.28072896966087457
464443,0.28054121500745
497172,0.28021160128254907
529801,0.2790510987104295
562731,0.27869108661306935
594749,0.2785909507979096
628036,0.27821007707239115
663649,0.27742210357452673
699906,0.27678850612503364
732667,0.280935797802901
760173,0.27839365940018407
792713,0.2761447758847208
821518,0.27652028519156996
846487,0.28339746992557885
872923,0.2778262231142787
900788,0.2784037921910038
926053,0.27903321731486525
953076,0.27635279611978486
979115,0.27933660499293866
1005651,0.2773702475273904
1032044,0.2819127180472276
1058626,0.27821663358409804
1106720,0.2786165807982183
1134841,0.2764511437953882
1160460,0.2784771059128172
1187856,0.2759170861145361
1214431,0.28262201340460935
1241264,0.27675989589213085
1267211,0.2799809312797703
1293190,0.28107050431615166
1319326,0.27482572493859825
1347717,0.2804750538438623
1373734,0.27731362310810365
1403542,0.27655485588966083
1434505,0.2821028568867274
1468122,0.2814877368793174
1502602,0.28056684500775875
1534481,0.2832979301569379
1562373,0.2816570140906589
1591170,0.27763489218174126
1617422,0.28121534362022205
1644874,0.28116587175916097
1671264,0.27466538842503885
1697831,0.2809781171057364
1724521,0.2787518833579878
1749915,0.2820635178164861
1776660,0.28047863012297514
1803496,0.27875069126495017
1828975,0.2816355564159818
1854700,0.27692738496391595
1880024,0.2825153210777427
1905241,0.27930024615529137
1930383,0.2831083873639568
1954977,0.27894559847660044
1980332,0.2841818671443304
2006889,0.2784395549821323
2031085,0.28292718922223914
2056962,0.27824762800307606
2082188,0.28229239967970843
2107516,0.2795929049960262
2132950,0.2829104999197125
2157665,0.2788031433586053
2183073,0.2824223378208086
2209601,0.28099123012915017
2238380,0.2798194026731733
2272192,0.2829301694548332
2305381,0.2834236959724064
2338770,0.28299931085101493
2371921,0.2835691313229956
2404480,0.2837944369071051
2438079,0.2840662341196816
2473150,0.28271738084761866
2505488,0.283378396436977
2557072,0.2789509628952697
2588804,0.27949515336694164
2620242,0.2830261329443613
2654072,0.28443876319393674
2687387,0.2838689427219561
2721284,0.28337660829742056
2756517,0.2819043733959643
2789370,0.2827513554991907
2823697,0.28147760408849765
2857426,0.2799374198838973
2891299,0.2790505026639107
2925028,0.27911964406009243
2958028,0.2790606354547304
2991663,0.27896049963957065
3026516,0.27721348729294387
3059046,0.2781194780015323
3093131,0.27732852427107385
3126800,0.278229150560993
3160485,0.2777237031130437
3194191,0.27759197683238707
3226665,0.2782440517239632
3259720,0.27814570404835987
3294016,0.2772385212467338
3326054,0.2778417203237677
3359653,0.27710977519867125
3392877,0.2776897284614716
3426394,0.27709427798918224
3459758,0.2779364917202582
3492218,0.2777332398573446
3525262,0.27802828288415465
3559639,0.277107391012596
3591871,0.2782368991657375
3625497,0.27756157845992785
3658845,0.2780461642797189
3692146,0.27761939497225224
3725209,0.27825418451478295
3757852,0.2792042826657632
3791013,0.27923587313126
3825485,0.2778148982304213
3857815,0.27926686755023805
3892962,0.27760628194883846
3926388,0.27770701381051704
3957531,0.2781552407926608
3988529,0.2808326817551472
4018719,0.2836501936495535
4051401,0.2822757103771818
4086945,0.2833587269018563
4119587,0.2823329308429874
4153629,0.28287771736117806
4185121,0.2832109073651919
4224209,0.27807179428002765
4270777,0.2830756048054224
4303295,0.28400960970039485
4336571,0.28359416527678555
4371010,0.28311077155003206
4403278,0.28410497714340416
4437180,0.2836430410913278
4470872,0.2833646873670444
4504419,0.2834445576005647
4539407,0.2825761178226611
4571917,0.28270247968464846
4605074,0.28306606806112145
4641450,0.27907732475725705
4673866,0.2807605601263714
4708361,0.2788490389405535
4740561,0.2806431389621662
4774381,0.2792275284799967
4806948,0.28220597293448124
4841476,0.2807325459399874
4872566,0.2789068554528779
4903089,0.28308752573579854
4933267,0.28214756037563804
4967947,0.28159442920618405
5000657,0.28102758896679747
5037933,0.2829009631754116
5070228,0.2827728131738678
5101550,0.2831441501550853
5133988,0.2822745182841442
5159087,0.27883056149847046
5183914,0.2804315424479893
5210488,0.279854569417783
5234822,0.27922156801480863
5260837,0.28155866641505556
5285419,0.2780837152104038
5311031,0.28137568013378145
5337836,0.276902351010126
5362684,0.2812618352486891
5387329,0.27814451195532225
5414116,0.28370324178972744
5438422,0.2776873442753964
5464225,0.28349224132206935
5488705,0.2788204287076507
5514280,0.28276089224349166
5539947,0.2790314291753088
5565287,0.28306606806112145
5591293,0.27830604056191927
5618103,0.27949694150649806
5642611,0.27862432940296283
5668839,0.27893069731363024
5693626,0.2793306445277506
5719307,0.2784115407957483
5768172,0.27859512312354123
5793188,0.2799511289538299
5818262,0.2783960435862593
5845162,0.28062406547356433
5878057,0.2778363559050984
5912689,0.2788758610338999
5946268,0.2783364389343785
5980328,0.2788544033592228
6012574,0.2782506082356701
6043616,0.27841273288878593
6076186,0.27754131287828837
6110931,0.278008613349034
6143582,0.2774501177609107
6181330,0.27793172334810773
6213792,0.27876320824184514
6247212,0.27859571917006004
6280598,0.27796927427879264
6313338,0.27862671358903807
6345940,0.27854624730899896
6380475,0.27861240847258667
6413050,0.27879241452126674
6447969,0.27769986125229135
6478539,0.2786523435893468
6509748,0.278039607768012
6541187,0.27801278567466564
6573512,0.2822327950278276
6606275,0.28238001851797323
6640858,0.2802706098879111
6673542,0.28211239363102836
6707840,0.2800840473275241
6740695,0.28150859850747567
6772676,0.2797890043007141
6804142,0.28133991734265296
6834808,0.2820432522348466
6865414,0.28009954453701313
6898304,0.2801984882591353
6928759,0.27894023405793117
6961679,0.2788997028946522
6995151,0.2764511437953882
7029214,0.2760339112322225
7064144,0.2752673954090351
7097819,0.2753770679684958
7130324,0.275749597042751
7165173,0.27627769425841503
7198143,0.2759480805335141
7232347,0.2758318514623465
7264647,0.27604523611607984
7296278,0.276215705420459
7327746,0.2759331793705439
7358443,0.27558747238963516
7391167,0.27877214893962726
7444002,0.27595225285914576
7476252,0.2762258382112787
7510233,0.2760047049528009
7542867,0.2761805386758493
7576626,0.2764374347254556
7609924,0.27576509425224
7642609,0.27694884263859304
7675568,0.2770901056635506
7710549,0.2760929198375845
7742878,0.27652028519156996
7776733,0.2764630647257644
7809170,0.27694824659207423
7842456,0.27714494194328093
7877066,0.2758074135550754
7909691,0.27660015542509025
7942263,0.2776974770662161