1655242085556488,d0,d1,d2,d3
22184,0.7759989233015684
53800,0.7782126400724221
80215,0.7887137876407847
105129,0.7774294349467081
130849,0.7906783569667765
154925,0.7787466977532742
180266,0.7892967211361791
205241,0.7778186533234899
229652,0.788004492283403
253806,0.7780427668145617
280018,0.7890302883422718
303665,0.7778860065801152
328677,0.7882286057744748
352395,0.7796687817178705
377028,0.7841880064234741
410852,0.7851440650396424
462698,0.7875234827427248
486471,0.77776858541591
512205,0.7882399306583322
535812,0.7794911598552656
561298,0.785269830855111
585619,0.7791424726417628
616267,0.784064028747562
649735,0.7806373573109338
681915,0.7813645340638797
712784,0.781472418483784
744558,0.7810110784782265
774021,0.7774544689004981
806236,0.7833255271107586
838764,0.7892281757865162
872202,0.7897306430018715
905388,0.7893616902067292
937594,0.7912612904621709
969972,0.7855452043468004
1004603,0.790353511614026
1036707,0.7865298731958715
1070031,0.7877851471644816
1102050,0.7865113957537885
1134627,0.7853306276000295
1168063,0.7830447892004
1201394,0.7838202457213694
1233499,0.7821930387250231
1267452,0.7834977845546942
1299187,0.779399964737888
1332395,0.7784498665869077
1364236,0.7786411975194452
1397001,0.7809306121981874
1429770,0.7811666466196354
1461795,0.7745839088659178
1493629,0.7731313434995822
1527581,0.7737154690880143
1559422,0.7753218144562023
1592453,0.7778568003006936
1624047,0.7807416654517252
1656497,0.7823873498901546
1688920,0.783597920369854
1720605,0.7894999729990927
1752066,0.7870520099463475
1785593,0.786140058772571
1816858,0.780453178936622
1849571,0.777889582859228
1881090,0.7772845956426376
1913522,0.7800574040481334
1945820,0.7797772621842936
1977452,0.773986670254072
2009009,0.7730687586151074
2059800,0.7732392279194865
2092102,0.7766521902861822
2126645,0.776627752378911
2160842,0.7746929853788597
2195931,0.7712651218491938
2229194,0.7734836069921979
2260884,0.7744444339805167
2292360,0.7751096218955066
2326002,0.7729072300085104
2357233,0.7775367233200936
2389988,0.7808334566156216
2421489,0.7863063557513185
2454173,0.7884211288000499
2486487,0.7838810424662879
2518151,0.7819957473272976
2552450,0.778020117046847
2586093,0.7836271266492756
2617429,0.7819736936061017
2650293,0.7800091242801099
2683828,0.7751835316638388
2716428,0.778073165187021
2748784,0.7760811777211639
2780404,0.7766009302855647
2811938,0.7730782953594083
2845555,0.7752526730600205
2876794,0.7709253753334732
2909600,0.7715053285962735
2941140,0.7749266356142325
2973507,0.7800186610244109
3005860,0.7821089961658712
3037497,0.7858587248156935
3068937,0.7814086415062715
3102408,0.7816488482533512
3133771,0.7792354558986969
3166577,0.7782489989100694
3198105,0.7756412953902835
3230668,0.7751000851512057
3262912,0.7754821509697617
3294548,0.7704509223045019
3326121,0.771018954636926
3359501,0.7707787478898463
3390740,0.7749302118933453
3423442,0.7783968184467338
3454877,0.7831592301320112
3487318,0.7858801824903706
3519697,0.7821650245386391
3551757,0.7806820607998444
3583406,0.7774270507606329
3616910,0.7778323623934225
3648157,0.7748855084044347
3681008,0.774806830263952
3730296,0.7748414009620429
3766478,0.7743669479330716
3801577,0.7758099765551062
3834882,0.7780183289072906
3866320,0.7765270205172324
3899875,0.7766110630763844
3931199,0.774014684440456
3963928,0.7739568679281316
3995370,0.7727838483791171
4028150,0.7692606174064418
4063312,0.7689184867046459
4097706,0.7731373039647703
4131489,0.7740480630455092
4165920,0.7737697093212258
4198165,0.7736332146684187
4231152,0.773592087458621
4262657,0.7734943358295364
4295024,0.7692999564766831
4327629,0.7684678755364269
4362005,0.7684702597225022
4396288,0.7688040457730347
4432379,0.7728064981468318
4463651,0.7724446979099152
4496393,0.7734269825729111
4528033,0.76793620204165
4560775,0.7683474741396277
4593406,0.7675928792468165
4625142,0.7696683132253067
4656655,0.7761914463271434
4690167,0.7751918763151021
4721473,0.7809300161516686
4754434,0.7815165259261758
4785902,0.7790137265937003
4818366,0.7787085507760705
4850790,0.7773805591321659
4882485,0.7735473839697103
4916867,0.7756103009713055
4948874,0.7725424495389998
4981350,0.7720948186033748
5019936,0.7714874472007093
5054865,0.7779807779766057
5086568,0.7793361877603755
5117840,0.7770968409892131
5145408,0.775705072367796
5170280,0.7664496620237424
5194471,0.7769221993592023
5241552,0.7714624132469193
5267667,0.7705397332358043
5291461,0.7713509525479022
5316808,0.7753629416660001
5341443,0.771420093944084
5387418,0.7670838555197543
5412262,0.7771147223847773
5436411,0.7665027101639164
5461205,0.7765764923782935
5487267,0.7667786797021245
5511007,0.7760019035341624
5536509,0.7663012464405592
5561584,0.776683780751679
5586525,0.7661897857415421
5611579,0.7764793367957278
5635903,0.766537876908526
5660848,0.7751823395708012
5687735,0.7660193164371629
5711686,0.7766229840067606
5737081,0.7659507710875
5761951,0.7769031258706004
5786841,0.7654185015462043
5811739,0.7764149637716965
5835938,0.7660860736472694
5868286,0.7768959733123747
5902258,0.7761002512097658
5933870,0.7751900881755457
5966884,0.7741726367679401
5999722,0.7724333730260579
6032477,0.771587583015869
6065121,0.7697404348540825
6097056,0.7698614322974006
6129773,0.7696647369461939
6163646,0.7696170532246892
6195140,0.7687515936793796
6228258,0.766711922492018
6260919,0.7648200708413209
6293606,0.7653773743364065
6326373,0.7647956329340497
6358335,0.7668806036568407
6391015,0.7675761899442899
6424879,0.7667983492372452
6456412,0.7732493607103063
6489487,0.7738358704848135
6522154,0.7751602858496053
6555126,0.7757718295779025
6587970,0.777047369128152
6620000,0.7792390321778098
6652773,0.775633546785539
6686550,0.7781488630949096
6718133,0.7749170988699315
6751250,0.774598810028888
6783896,0.7736338107149375
6816524,0.7715214218522813
6849292,0.7704664195139909
6881271,0.7685060225136306
6929462,0.7688255034477118
6963453,0.7678801736688821
6994971,0.7661456782991503
7028154,0.764931531540338
7060888,0.7632524684968554
7093613,0.7639444785051916
7126390,0.7632339910547723
7158362,0.7650143820064523
7192122,0.7641441540889924
7226540,0.7633388952420825
7264484,0.7678420266916783
7296212,0.7681233606485558
7718779,0.7701058113701119
7754431,0.7731283632669882
7789920,0.775431487015663
7823031,0.7724089351187867
7855787,0.7716769899936903
7889575,0.7704318488159
7922437,0.7750822037556414
7958322,0.7708818639376002
7993591,0.7642925696721756
8028918,0.7624436333708327
8064408,0.7667375524923268
8099040,0.7666898687708221
8132456,0.769344063919075
8166344,0.769735666481932
8197798,0.7666308601654601
8232715,0.7665527780714962
8268083,0.7686407290268813
8303483,0.7726217237260012
8338810,0.7769084902892697
8373519,0.7736886469946679
8408817,0.7675082406411458
8445375,0.7617605640602785
8479659,0.7612640573101112
8515513,0.76583573410937
8553989,0.766854973656532
8589632,0.7744968860741718
8624461,0.769878717646446
8656495,0.7675434073857554
8690560,0.7677681169233461
8724995,0.762265415461709
8756687,0.7660568673678478
8789779,0.7676351985496519
8823014,0.7704354250950128
8858454,0.768793912982215
8893795,0.7620794489478409
8928459,0.7605756235808877
8963938,0.7653779703829253
9000515,0.7653982359645648
9044566,0.7607210589314769
9094006,0.7614255859167082
9129314,0.7606125784650538
9164806,0.7655383068964847
9200277,0.7649029213074352
9234201,0.7678092441331439
9267273,0.7701880657897074
9301455,0.7710344518464151
9333432,0.7684392653035241
9366919,0.7691211425210407
9399855,0.7679218969251986
9432888,0.7671547850554925
9465857,0.7664991338848035
9498220,0.7642186599038434
9531204,0.7644731717673745
9565848,0.7663101871383413
9597884,0.7645923810711361
9631368,0.7641715722288576
9664581,0.7643551545566505
9697668,0.7644362168832084
9730725,0.7640720324602166
9763050,0.7638890461789425
9795974,0.7643325047889358
9830155,0.7639295773422214
9862094,0.7641334252516538
9895504,0.7640684561811038
9928522,0.7637394385027216
9961598,0.7627583459327634
9994686,0.7603330326477328
10028076,0.759502739847033
10062887,0.7606095982324598
10098286,0.7630706743086189
10129946,0.7631767705889667
10155534,0.7636601643157201
10181194,0.7717252697617137
10206415,0.7633132652417738
10231412,0.7703609192801618
10258541,0.764148326414624
10283729,0.7621020987155556
10308176,0.762793512677373
10333384,0.7638646082716714
10359864,0.7668233831910352
10383921,0.7614267780097458
10409576,0.7659477908549059
10434693,0.7604134989277719
10459938,0.7671744545906132
10485154,0.7591993521689596
10509623,0.7659245450406724
10535699,0.7597894382225797
10562424,0.7697553360170527
10586538,0.7586003254175574
10635395,0.7583660791356658
10660595,0.7681781969282861
10685830,0.7579112956418151
10711028,0.7686127148404973
10735515,0.7581127593651723
10760821,0.7683826408842374
10787277,0.7577789733146397
10811353,0.7687855683309517
10838985,0.7578749368041678
10874806,0.7659477908549059
10910556,0.7582355449480468
10945435,0.7575238654045898
10977864,0.7616568519660057
11010869,0.7584912489046155
11045134,0.7623887970911023
11077236,0.7573986956356401
11110824,0.7581550786680077
11144132,0.7571507402838159
11177996,0.7571793505167187
11211237,0.7616258575470277
11243464,0.7569307991183757
11277053,0.7569480844674211
11310102,0.7568622537687127
11343123,0.7573688933096997
11376279,0.7575399586605976
11408523,0.7571263023765448
11441516,0.7575095602881384
11475807,0.7567197986507176
11507717,0.758427471927103
11541500,0.7580293128525392
11574766,0.7574368426128438
11607778,0.7580007026196364
11641299,0.7581616351797146
11674349,0.7589978884456025
11708120,0.7578338095943701
11742565,0.7564807839966755
11774574,0.7573861786587451
11808083,0.7570035167936703
11841125,0.7577336737792103
11874367,0.7578469226177839
11907378,0.7585067461141045
11939707,0.7602007103205574
11972826,0.76167473336157
12007027,0.7587886761175008
12038941,0.7647652345615905
12072600,0.7626939729087321
12105558,0.7647348361891313
12138723,0.7654685694537842
12171822,0.7654447275930318
12204072,0.7676900348293823
12237065,0.7686162911196102
12291805,0.7558591074775586
12323873,0.7582528302970922
12357361,0.7577199647092777
12390390,0.7581658075053462
12423345,0.758414954950208
12456505,0.7591170977493641
12489016,0.7632786945436829
12521959,0.7644350247901708
12556361,0.7594651889163481
12588501,0.7646430450252348
12622037,0.7642925696721756
12655088,0.7650274950298661
12688165,0.7653374392196464
12721186,0.7661349494618117
12753475,0.7683760843725305
12786558,0.7691360436840109
12820874,0.7667792757486434
12852890,0.7701701843941432
12886472,0.769188495777666
12919436,0.769978257415087
12952519,0.7702399218368438
12985563,0.7683266125114694
13017785,0.7653487641035037
13050879,0.7656366545720881
13085146,0.7662332971374151
13117034,0.7654703575933406
13150509,0.7655859906179894
13184172,0.764885039911871
13217656,0.764729471770462
13251284,0.764788480375824
13284134,0.7654626089885961
13317533,0.7656092364322229
13352060,0.7659001071334013
13384387,0.7650865036352281
13418139,0.7649100738656609
13451500,0.7650203424716404
13485178,0.7660395820188024
13518560,0.7655985075948843
13551713,0.7646925168862959
13585267,0.7655579764316054
13619543,0.7687355004233718
13651415,0.7652867752655477
13684987,0.7655245978265521
13718009,0.7651127296820557
13751006,0.7644177394411253
13784175,0.7641679959497447
13816455,0.7639945464127715
13849586,0.763368697568023
13883875,0.7647705989802598
13915753,0.7622213080193172
13949222,0.7625837043027526
13997373,0.7580352733177272
14030574,0.7579422900607932
14063741,0.7581443498306691
14096094,0.7580340812246896
14129054,0.7578117558731742
14163331,0.7581443498306691
14195273,0.758296937739484
14228723,0.7578010270358356
14261686,0.7582367370410844
14294776,0.7581890533195798
14327720,0.7578618237807541
14360221,0.752998680233798
14393252,0.7529176179072401
14427375,0.7572687574945399
14459217,0.7535977069852002
14492830,0.7529372874423608
14525781,0.7532311383761332
14558995,0.7527489367424174
14592237,0.7530708018625738
14624556,0.7530171576758811
14657658,0.7535869781478617
14693022,0.7525039616231872
14725823,0.7527239027886274
14759825,0.7524789276693973
14793264,0.75235256580741
14826579,0.752271503480852
14860017,0.7521499099910152
14892789,0.752796620463922
14926122,0.7527417841841917
14960683,0.753741354196233
14993012,0.7521165313859619
15030358,0.7567609258605154
15064004,0.7561773963186021
15095791,0.7593239258913905
15125358,0.7565731712070908
15154448,0.7523871365055008
15181818,0.7646412568856784
15206021,0.7561380572483608
15230872,0.7627428487232744
15256925,0.7563073344597023
15280650,0.7632453159386297
15306011,0.7559938139908092
15330849,0.7624913170923373
15355714,0.7557297653829772
15380603,0.7631326631465749
15404809,0.7562060065515049
15429648,0.7657314259685786
15455750,0.7557494349180979
15479486,0.7660908420194199
15504875,0.7561845488768278
15551388,0.7511819304444707
15577530,0.7615674449881845
15602498,0.7515335978905675
15626640,0.7612807466126378
15651488,0.7510823906758297
15677665,0.7613743259160907
15701470,0.7512278260264189
15726834,0.7615030719641532
15751664,0.7509119213714506
15776567,0.7610119296326553
15801578,0.7509518564882107
15825807,0.7592076968202229
15850677,0.752383560226388
15876737,0.7610184861443622
15910732,0.7504493892728554
15946836,0.755568832822899
15982282,0.7554233974723098
16017745,0.7589907358873768
16053136,0.761137099401605
16087832,0.765686722479668
16123315,0.7606519175352952
16160196,0.7505137622968867
16194805,0.7498306929863325
16228436,0.7549209302569545
16261220,0.7551474279341016
16294041,0.7544870083912621
16326832,0.7514042557959861
16358715,0.7505405843902331
16392280,0.7500649392682242
16428880,0.7499850690347039
16463110,0.7545472090896618
16498979,0.754698604905439
16534392,0.75829395750689
16570525,0.7653565127082482
16604146,0.7605613184644363
16636504,0.7632435277990732
16669548,0.7639158682722889
16703899,0.7612735940544121
16735806,0.7648147064226516
16769297,0.764493437349014
16802411,0.7648325878182158
16835483,0.7635987715242829
16868493,0.7611919356813354
16900810,0.7598418903162348
16933843,0.760291905437935
16968012,0.7605130386964128
17000036,0.759589762638779
17033508,0.7599217605497551
17066464,0.7583732316938915
17099633,0.7591743182151697
17132724,0.7586766193719648
17187439,0.7599044752007097
17223370,0.758965105887068
17260430,0.7489092050682551
17294967,0.7488174139043586
17328535,0.7536751930326453
17361536,0.7537860576851436
17394601,0.7535214130307928
17427743,0.7533378307029999
17460056,0.7487286029730562
17493067,0.7486749587863635
17527381,0.7527745667427261
17559743,0.7486773429724387
17593522,0.7484484611092164
17626536,0.7484168706437195
17659571,0.7484693227373747
17693253,0.747722476449308
17725899,0.7484055457598622
17758736,0.7490045725112644
17792619,0.7483077941307776
17824250,0.7484442887835847
17857406,0.7486660180885814
17890029,0.7503677308997787
17922828,0.7509965599771213
17955593,0.7524205151105541
17987521,0.7583720396008539
18020225,0.7593364428682855
18054073,0.7585591982077596
18085568,0.7628447726779906
18118758,0.763287635241465
18151421,0.7594610165907164
18184230,0.759021134259836
18217006,0.7583452175075075
18248890,0.7571787544701999
18281533,0.7552386230514793
18315471,0.7567662902791846
18347006,0.7522774639460401
18380107,0.7520873251065403
18432941,0.7581312368072554
18465569,0.7571018644692736
18498236,0.7549775546762413
18530179,0.7518977823135593
18563271,0.7521046104555857
18597245,0.7526219788339112
18628895,0.7520891132460967
18662014,0.7517422141721504
18694627,0.7524008455754334
18744523,0.7521260681302628
18776335,0.7468111213220503
18808286,0.746864765508743
18840891,0.7473570999332786
18882458,0.7569182821414807
18927336,0.7517004909158338
18960397,0.7514805497503936
18993014,0.7466734345762056
19025685,0.7467664178331397
19058266,0.7465440924816242
19090140,0.7484234271554264
19122830,0.7494450508886636
19156549,0.7489211259986313
19188654,0.7547754949063653
19222210,0.7509709299768126
19255010,0.7540769283863221
19287931,0.755422801425791
19742865,0.7464147503870429
19778419,0.7457173759600372
19813588,0.7506609857870323
19845545,0.7507295311366953
19878086,0.7508570850917202
19911903,0.7502473295029795
19943449,0.7486600576233933
19976544,0.7464695866667732
20008993,0.7457871134027377
20042294,0.7449454957181806
20077430,0.7449031764153452
20109969,0.7453269654902178
20139211,0.7455266410740186
20169485,0.7483954129690424
20201314,0.7547027772310707
20232774,0.7557279772434208
20264691,0.7525444927864662
20298657,0.754024476292667
20330385,0.7502038181071065
20363675,0.749518364610477
20395576,0.7499439418249061
20428448,0.7496143281000052
20461265,0.750261038572912
20493354,0.7471913990010499
20525305,0.7454461747939795
20559618,0.7445473366436167
20591530,0.7445175343176763
20624992,0.7445366078062782
20687530,0.7572198816799977
20722115,0.7518310251034528
20755469,0.7508874834641794
20787917,0.7545042937403076
20820276,0.7565767474862036
20854691,0.7539720241990119
20886709,0.7572794863318785
20920280,0.7564187951587195
20952528,0.7590735863534911
20985630,0.7596684407792617
21018896,0.7596910905469764
21051287,0.7554704851472956
21083515,0.7550472921189418
21117846,0.7554317421235731
21149913,0.7548255628139452
21183504,0.7548446363025471
21215746,0.7533175651213604
21248961,0.7527900639522151
21282127,0.7521737518517675
21314678,0.7504571378775999
21346971,0.7483483252940566
21381298,0.7504326999703288
21413386,0.7486654220420625
21447009,0.7481695113384141
21479230,0.7484323678532085
21512487,0.7482660708744611
21545975,0.7483530936662071
21578607,0.7480908331979315
21610903,0.7483679948291773
21645221,0.7480902371514127
21677244,0.7475770410987188
21710867,0.748213618780806
21743180,0.7431943110459222
21776351,0.7431859663946588
21809579,0.74321040430193
21842043,0.7432503394186901
21874258,0.7436556510514797
21908590,0.7430733136026041
21940678,0.7444197826885918
21974362,0.7435048512822212
22006590,0.7456041271214636
22039793,0.7457412178207895
22073001,0.745833008984686
22105478,0.7493067680963001
22137778,0.7534355823320844
22172319,0.7502371967121597
22205490,0.7510370911404003
22239265,0.7472116645826894
22271537,0.7520032825473884
22304721,0.7522750797599649
22337905,0.752837151627201
22389024,0.7482720313396491
22421380,0.7523346844118457
22455781,0.7473696169101736
22487779,0.7529742423265269
22521313,0.7525003853440744
22553915,0.7545358842058044
22587299,0.7536018793108319
22620551,0.7534975711700405
22653024,0.7559699721300569
22685355,0.7560063309677042
22719642,0.7558823532917921
22751750,0.754055470711645
22785356,0.7566691346966189
22817682,0.7532663051207429
22850951,0.7528359595341634
22884096,0.7526184025547984
22916560,0.7527155581373641
22948844,0.7503438890390264
22983185,0.7525212469722327
23015214,0.749614924146524
23048854,0.7503790557836361
23081129,0.7479942736618845
23114292,0.7476026710990276
23147614,0.7474757131905214
23180070,0.7468063529498998
23211947,0.7461638148026246
23246651,0.746426671317419
23280979,0.7464606459689911
23316896,0.7488656936723821
23350414,0.7518423499873101
23383185,0.7524491253434569
23415889,0.751702875101909
23448007,0.7484728990164875
23479880,0.7462436850361449
23513875,0.7468415196945095
23545782,0.7461548741048425
23579251,0.7458604271245511
23611182,0.746510713876571
23643992,0.7461131508485259
23677264,0.7443244152455825
23710229,0.7433242491870223
23742461,0.7413954426521591
23776481,0.7410652328807393
23808123,0.7410747696250403
23841469,0.7411194731139509
23873400,0.7431746415108015
23906162,0.7437337331454436
23938979,0.7451529199067258
23971046,0.7506627739265888
24002904,0.7540012304784335
24045242,0.745267360838337
24087410,0.7513446511441053
24120564,0.7516367139383213
24152440,0.7551063007243038
24185274,0.7559270567807027
24218133,0.7525301876700148
24250251,0.7516230048683887
24282100,0.749394386934565
24316306,0.7508690060220964
24404140,0.7511634530023876
24437438,0.750985235093264
24469291,0.7542569344350022
24502190,0.7556028074744711
24535095,0.7535881702408993
24567714,0.751718372311398
24599685,0.7508511246265321
24633747,0.7508064211376215
24665456,0.748844235997705
24698642,0.7484049497133434
24730550,0.7452351743263214
24763344,0.7447529726926055
24796161,0.7447303229248908
24828240,0.7449425154855865
24860140,0.740982382414625
24894039,0.7446951561802811
24925701,0.7402289796148515
24958882,0.7404399800825096
24990817,0.7404244828730205
25023612,0.7415188242815524
25057454,0.7408035684589825
25092286,0.7400269198449755
25124731,0.7393033193711424
25156878,0.7396537947242016
25183386,0.7437402896571504
25240963,0.7446051531559411
25266243,0.7428140333669225
25291335,0.7456887657271344
25315786,0.7447428399017858
25340062,0.7438893012868525
25366438,0.7421893766152116
25390427,0.7437379054710752
25415999,0.7438606910539497
25440250,0.743872015937807
25465398,0.7472051080709825
25490545,0.7435072354682964
25514984,0.7482165990134
25541169,0.743517964305635
25567808,0.7398689675174913
25592025,0.7460457975919005
25617790,0.7401997733354299
25642301,0.7462055380589412
25667715,0.7398588347266716
25693113,0.748347133201019
25717729,0.7399738717048016
25742179,0.7462913687576496
25768679,0.7391525196018839
25792959,0.7483089862238153
25818686,0.7390720533218448
25843115,0.7481569943615192
25873651,0.7385242865710601
25907023,0.740665285666619
25939595,0.7425541570847222
25972021,0.7478851971489426
26006436,0.7422620942905062
26038574,0.747194379233644
26072292,0.7453424626997068
26104677,0.7482016978504298
26138132,0.7489390073941955
26171448,0.7492155729789225
26204066,0.7499862611277415
26236456,0.7513136567251273
26270849,0.7477177080771575
26302965,0.751864403708506
26336716,0.7526946965092058
26369163,0.7547713225807337
26402478,0.7527769509288014
26435816,0.7510984839318375
26468441,0.748083084593187
26500857,0.749089807163454
26539002,0.7517004909158338
26571501,0.7482779918048372
26605349,0.7449079447874957
26637776,0.7467354234141617
26671232,0.7491625248387486
26713145,0.7447160178084394
26756465,0.7399369168206354
26788816,0.7420612266136678
26823027,0.7395292210017707
26854882,0.7486910520423713
26888292,0.7495976387974785
26920331,0.7503051460153038
26953300,0.7480556664533218
26986301,0.7487208543683117
27018546,0.7498801648473936
27050608,0.7509268225344208
27084758,0.7504529655519683
27116553,0.7463223631766276
27149953,0.7443798475718316
27182073,0.7436705522144499
27214967,0.7467163499255598
27248057,0.7465578015515568
27280303,0.7417143275397214
27312377,0.7386649535494988
27346530,0.7398564505405963
27378434,0.7434100798857307
27411883,0.7451100045573716
27443944,0.741227953580374
27476939,0.7350535076920399
27509933,0.7337737958161588
27542403,0.7370240374832198
27574822,0.7405454803163386
27609360,0.7394797491407096
27641589,0.7354004067659863
27675529,0.7331431785992597
27707987,0.7369823142269032
27741331,0.7411606003237486
27774778,0.7407225061324246
27807354,0.7378447935396186
27839880,0.7363469286378537
27874669,0.7346845548968977
27906934,0.7420433452181036
27940796,0.7408750940412395
27973234,0.7393378900692332
28006491,0.7366312428273252
28039896,0.7386738942472809
28072544,0.746364682479463
28105003,0.7493574320503988
28139626,0.7407385993884325
28171962,0.7428772142979162
28207017,0.7375926658621628
28239710,0.7420594384741114
28273111,0.7431442431383423
28306488,0.7397700237953692
28339120,0.7413012673021874
28371542,0.7448250943213813
28422942,0.7437992982625125
28456187,0.7429839066247829
28490024,0.737613527490321
28522887,0.7413859059078581
28559848,0.7355619353725833
28599183,0.741948573821613
28639395,0.7370562239952354
28671798,0.7355541867678388
28705140,0.7395369696065152
28739263,0.74152001637459
28767723,0.7383109019173267
28798451,0.744701712691988
28839611,0.7368613167835851
28882775,0.7427353552264399
28918587,0.7457251245647817
28945130,0.7454282933984152
28974823,0.738048641449051
29009771,0.7400835442642623
29038791,0.7377553865617974
29066457,0.7809437252216012
29092622,0.7418663194020175
29137355,0.733689157210488
29192093,0.7404191184543513
29248415,0.7467956241125613
29305673,0.7376600191187881
29363897,0.747383922026625
29427938,0.7373131200448417
29496057,0.7362080497989714
29558235,0.7357425374677822
29620486,0.7475853857499821
29686485,0.7428825787165855
29746864,0.7411433149747032
29809909,0.7328165451069528
29872480,0.7421530177775643
29935189,0.7458550627058819
29998579,0.7383323595920038
30061318,0.7344121616378023
30121454,0.7378704235399274
30180925,0.7399172472855148
30232888,0.7810229994086026
30290932,0.7377935335390011
30342742,0.740062682636104
30417197,0.7362062616594149
30474900,0.7368768139930741
30534410,0.7364786549185103
30588136,0.735087482343612
30645678,0.743602006864787
30704239,0.7337726037231211
30756439,0.7369304581797669
30814595,0.7444126301303661
30884046,0.7366157456178362
30915731,0.7391358302993573
30948709,0.7374603435349874
30984005,0.7422233512667836
31010127,0.7403177905461539
31036574,0.7323915639390426
31061295,0.7427329710403646
31086939,0.7323879876599297
31112529,0.7034320477762279
31137425,0.7317704834664445
31162137,0.7424623659208257
31190097,0.7360882444486909
31214756,0.7441438131503836
31240868,0.7361824197986626
31265558,0.7810086942921513
31291190,0.7365591211985494
31316900,0.7373041793470596
31341866,0.735814659096558
31366699,0.7381779835436324
31393614,0.7401735472886023
31418090,0.734316794194793
31444342,0.7426596573185512
31469041,0.7326448837095361
31494737,0.7420475175437352
31520449,0.7309682048521287
31545490,0.7407034326438228
31570524,0.7320023455622608
31597427,0.7464481289920961
31621832,0.7364089174758097
31647923,0.7446742945521229
31672661,0.735587565372892
31698342,0.7807368970795747
31724045,0.7349086683879695
31749152,0.781105849874717
31773911,0.737318484463511
31801247,0.7360465211923743
31826425,0.7360769195648336
31853124,0.7300312197245621
31878064,0.7406229663637837
31903999,0.731778232071189
31929963,0.744782775018546
31955692,0.7351417225768235
31980688,0.7459516222419288
32007834,0.7349551600164366
32032542,0.7401616263582261
32059255,0.7366270705016935
32086249,0.7319671788176512
32113500,0.7463456089908611
32139924,0.7362003011942269
32165419,0.7428080729017345
32190939,0.7347715776886437
32225769,0.7374347135346786
32259919,0.7399762558908768
32284311,0.7350988072274693
32310518,0.7409400631117896
32334425,0.7334555069751152
32360093,0.738092152844924
32384361,0.7334775606963111
32409404,0.7381827519157829
32434437,0.7346082609424902
32458781,0.736805884457336
32482982,0.7398147272842798
32509156,0.7366276665482123
32532924,0.7391262935550563
32561534,0.7362813635207848
32588791,0.7307393229889063
32617957,0.7806468940552347
32649536,0.7403595138024704
32683416,0.7422418287088667
32710264,0.7358253879338965
32735455,0.7318288960252877
32761486,0.7407427717140641
32787409,0.7309771455499108
32813516,0.7407785345051926
32843808,0.7374347135346786
32871116,0.7294816648342209
32895546,0.7400585103104723
32923528,0.7349313181556842
32950665,0.7372892781840894
32982221,0.7810384966180917
33009774,0.7363010330559054
33036579,0.7295615350677412
33068830,0.7306773341509503
33097777,0.7401109624041274
33133832,0.7410032440427833
33166528,0.7404507089198481
33198379,0.7371056958562965
33227760,0.7337487618623688
33257278,0.7302875197276496
33287122,0.7375592872571095
33316289,0.7403398442673498
33345041,0.7339931409350802
33376069,0.733937708608831
33406815,0.7325018325450221
33438672,0.7380307600534868
33471022,0.7401050019389394
33502312,0.7434452466303404
33529871,0.7393623279765044
33555025,0.7290697966897245
33581850,0.7810098863851889
33606758,0.7339645307021774
33654202,0.7295645153003353
33685747,0.7311219848539812
33714660,0.7423044135933415
33745789,0.7386262105257763
33838852,0.7290936385504768
33865545,0.7406116414799263
33891755,0.7327116409196426
33930590,0.7044000273227724
33960238,0.7364089174758097
33996374,0.7398767161222358
34026190,0.7336533944193595
34054729,0.7276029262069376
34090100,0.7334233204630995
34125548,0.7331789413903882
34155377,0.7291139041321163
34193368,0.7327056804544545
34228800,0.7389760898323167
34264811,0.7810730673161825
34293431,0.7350809258319051
34323656,0.7317788281177078
34358040,0.7316417374183819
34388802,0.7300485050736075
34422189,0.7313055671817741
34457813,0.7325781264994295
34487738,0.7271988066671856
34524395,0.7311547674125156
34554227,0.7285566006370306
34585496,0.7311106599701238
34615431,0.7405800510144295
34646322,0.7373196765565486
34682773,0.7369835063199408
34715768,0.7382512972654458
34751347,0.7317353167218348
34786591,0.727725711789812
34813973,0.7404930282226835
34843363,0.7330454269701752
34873220,0.7319749274223957
34907747,0.732116786493872
34942144,0.7319105543983644
34972265,0.7282561931915513
35004966,0.7268578680584273
35034995,0.7298029339078586
35067899,0.7362765951486343
35104659,0.7266403110790624
35138317,0.7264167936345093
35174205,0.7312382139251488
35207851,0.7321126141682404
35242637,0.7314289488111674
35306535,0.7314915336956422
35343166,0.7326359430117539
35378565,0.7370788737629501
35410884,0.7351011914135446
35445430,0.7369501277148875
35479894,0.7368970795747136
35512827,0.7364059372432157
35549212,0.7378525421443631
35586984,0.7263840110759748
35620957,0.7275117310895599
35653257,0.7271690043412452
35692134,0.7254690796696043
35726194,0.7301295674001654
35761476,0.7366819067814239
35794779,0.7375718042340045
35828533,0.7364935560814805
35866473,0.7342726867524012
35900364,0.7336313406981636
35931999,0.7400763917060366
35964732,0.7431722573247262
36000359,0.7353026551369017
36032723,0.734360305590666
36064804,0.7383109019173267
36091394,0.7309467471774516
36129298,0.7395244526296202
36162243,0.7374299451625281
36198089,0.7380575821468331
36230125,0.7340426127961412
36263289,0.7367021723630633
36299911,0.7393343137901204
36332687,0.7388586686681115
36367916,0.7291162883181915
36404221,0.723217215921547
36437508,0.7267309101499212
36473024,0.7327831665018996
36508987,0.7305432236842184
36546159,0.7333428541830604
36571776,0.7232750324338714
36602370,0.729015556456513
36632151,0.7806701398694682
36663664,0.7384235547093815
36689189,0.7247901826846818
36717740,0.7299132025138381
36744703,0.7327587285946284
36776172,0.7310367502017916
36811874,0.7369602605057073
36846097,0.7359291000281691
36880886,0.7352913302530444
36917238,0.7347376030370716
36947518,0.7376701519096078
36983885,0.7348031681541405
37042192,0.7293058311111725
37081532,0.7409490038095717
37113056,0.7373447105103386
37142885,0.7296086227427271
37173500,0.7281369838877897
37206353,0.7241196303510226
37236427,0.726787534569208
37268540,0.7303620255425006
37298969,0.737915127028838
37335843,0.7257140547888344
37372720,0.7251877457127268
37403250,0.7266301782882426
37436796,0.7261479766545268
37474800,0.7283259306342519
37504993,0.7247991233824639
37542573,0.7296676313480891
37573509,0.7263673217734482
37605077,0.7250321775713179
37640679,0.7298130666986783
37671318,0.7250333696643555
37707790,0.7284665976126906
37744765,0.7318867125376121
37776036,0.7302010929824224
37809552,0.7298541939084761
37845105,0.73162266392978
37881591,0.7375020667913039
37918716,0.7302720225181606
37954247,0.7278359803957916
37990252,0.727837768535348
38028311,0.727244106202615
38063758,0.733692137443082
38095427,0.738101689589225
38125335,0.7336659113962545
38162462,0.7324475923118106
38193828,0.7236648468571719
38224446,0.7255406052518613
38258834,0.7318294920718065
38291341,0.7340074460515316
38325313,0.7288468752916902
38362285,0.7282716904010403
38396341,0.7317198195123458
38429304,0.7369882746920913
38465924,0.7794828152040023
38496525,0.7342184465191897
38530208,0.7301718867030008
38568964,0.7262409599114609
38607366,0.7302857315880932
38644927,0.7319969811435916
38674288,0.7276726636496381
38709824,0.7268846901517737
38741222,0.7285428915670981
38806419,0.7244563966341492
38836757,0.7245952754730315
38864161,0.7331193367385074
38889152,0.7235295442974025
38927849,0.7306445515924158
38971426,0.7232404617357805
39006858,0.7247496515214028
39032257,0.7349027079227815
39060322,0.7279873762115688
39087862,0.7248563438482695
39113781,0.7334358374399945
39141262,0.7272607955051417
39167264,0.7354170960685129
39192848,0.7280982408640672
39217613,0.7327021041753417
39242220,0.7277018699290597
39269119,0.7263780506107868
39293428,0.7267851503831327
39319409,0.7254118592037987
39344019,0.729192582272599
39369706,0.7263887794481253
39417289,0.7335210720921841
39443506,0.7260639340953748
39488799,0.7223738100974333
39517744,0.734751908153523
39549134,0.7305664694984519
39577097,0.7275778922531476
39602650,0.7243985801218248
39629262,0.7307172692677104
39653602,0.7226211694027387
39679405,0.7330466190632128
39703999,0.724662032683138
39729484,0.7344717662896831
39754903,0.722698059403665
39780608,0.7315684236965685
39807322,0.7252401978063819
39841903,0.7260818154909391
39867086,0.7340515534939234
39892468,0.7282985124943867
39917781,0.7323540130083577
39942423,0.7260722787466382
39968715,0.7297552501863539
39995533,0.7306046164756557
40019736,0.7250935703627551
40045597,0.7319469132360117
40071137,0.7230270770820472
40118431,0.7309109843863231
40144344,0.7259679706058467
40170757,0.7263363273544702
40200536,0.7327497878968463
40249685,0.7350457590872954
40275441,0.7255429894379365
40301935,0.7298535978619572
40327566,0.7273496064364441
40353215,0.7254732519952359
40378783,0.7305366671725115
40403669,0.7236910729039995
40429299,0.7298303520477237
40456128,0.7209099198472404
40480572,0.7327491918503275
40506651,0.7235015301110185
40532261,0.7379777119133129
40560427,0.7248962789650296
40585976,0.7225943473093923
40610958,0.7235927252283961
40636531,0.7239592938374632
40663343,0.7350785416458299
40687764,0.7267601164293428
40713773,0.7346732300130403
40739388,0.7197702789032792
40765085,0.727517691554748
40790723,0.7205058003074885
40815633,0.7358140630500392
40841295,0.7300949967020746
40868117,0.7362891121255293
40892921,0.7282472524937692
40918928,0.7256884247885257
40944572,0.7218087579976031
40970311,0.7202947998398304
40995909,0.7309187329910676
41020807,0.727287617598488
41046425,0.7361281795654511
41074106,0.7220900919544806
41098971,0.7309133685723983
41125367,0.7205606365872188
41151273,0.7293195401811051
41177159,0.7284493122636452
41204545,0.7300091660033662
41229682,0.733922211399342
41255497,0.7195169591327857
41282560,0.7313753046244746
41307448,0.7204372549578255
41333737,0.7346553486174761
41359698,0.7287813101746213
41385278,0.7319230713752594
41410666,0.7242757945389503
41435401,0.7259339959542747
41460874,0.7228047517305317
41487572,0.7228077319631258
41512227,0.7305789864753469
41541318,0.7233519224347976
41588850,0.7183588407467414
41615354,0.7297582304189479
41640813,0.7233411935974591
41665669,0.7354325932780019
41699262,0.7274068269022497
41726149,0.7250417143156188
41750726,0.730553952521557
41776598,0.7227922347536367
41802034,0.7285262022645714
41827539,0.7262540729348747
41852974,0.726865020616653
41877656,0.7265211017753007
41903333,0.7226676610312058
41930398,0.7275999459743435
41955175,0.7177520653905947
41981575,0.7303197062396652
42007447,0.7239408163953801
42033319,0.7376928016773225
42059440,0.7261354596776318
42084692,0.7293380176231882
42110794,0.7210303212440397
42137963,0.7185400388884591
42162900,0.7287252818018534
42189663,0.723770347091001
42215778,0.735538093511831
42241785,0.7255614668800195
42267875,0.7285005722642627
42293405,0.7204467917021264
42319824,0.7245016961695786
42347448,0.731371132298843
42372613,0.7234741119711533
42399574,0.7342160623331144
42426177,0.7246441512875738
42452546,0.72559126920596
42478559,0.7229090598713231
42503768,0.7217312719501581
42529575,0.7299620783283803
42557886,0.7225514319600381
42582608,0.7337213437225036
42608969,0.7232821849920971
42634919,0.7278431329540173
42660886,0.7227862742884487
42686773,0.7237429289511358
44442293,0.7315135874168381
44479451,0.7214171554347462
44512368,0.7184101007473589
44544592,0.7197780275080237
44577241,0.7208026314738549
44610949,0.7202441358857317
44642469,0.7265872629388884
44675546,0.7272315892257201
44709738,0.7270736368982359
44742634,0.7253045708304132
44775372,0.7275439176015756
44807372,0.7309544957821961
44862141,0.7182181737683027
44895996,0.7178802153921384
44927501,0.7204080486784039
44960583,0.7208360100789082
44993093,0.7229233649877745
45025747,0.7263291747962445
45059496,0.7284314308680809
45092775,0.7281489048181659
45126134,0.7192701958739991
45158611,0.7219077017197253
45188239,0.7320047297483361
45213589,0.7272810610867811
45238220,0.7195324563422747
45270890,0.7203484440265231
45325098,0.7216347124141111
45349170,0.7289088641296463
45373982,0.7179296872531995
45399975,0.733167020460012
45423640,0.7180667779525254
45448834,0.7275659713227715
45473597,0.7171589991043805
45498445,0.7273132475987968
45523245,0.7186836860994918
45549223,0.7285309706367219
45574228,0.7179910800446367
45600169,0.731753198117399
45623880,0.7161355872315869
45652241,0.7267535599176359
45677403,0.7222408917237391
45702543,0.7280440006308556
45726930,0.7231576112696662
45751152,0.7298333322803178
45777459,0.7207847500782907
45801469,0.7277471694644891
45826961,0.7211930419436743
45851206,0.730460373218104
45876351,0.7229758170814297
45904297,0.7297701513493241
45936506,0.7254476219949272
45968574,0.7219136621849134
46002703,0.7244796424483827
46034515,0.7229030994061351
46067783,0.7220519449772769
46100247,0.7202167177458665
46135937,0.7205803061223395
46171568,0.7246703773344013
46206804,0.7285488520322861
46239103,0.7280010852815014
46273256,0.7304091132174865
46305133,0.7261157901425112
46338489,0.7279331359783573
46370583,0.7283771906348694
46404260,0.7265646131711737
46439956,0.7258308799065208
46474901,0.72702654922325
46508968,0.730314341820996
46543263,0.7257581622312262
46575394,0.7271761568994709
46608995,0.7253379494354665
46641105,0.7284469280775699
46674281,0.730992046712881
46708156,0.7316792883490668
46743134,0.7294757043690329
46777897,0.7238990931390635
46852405,0.723611798716998
46886932,0.7238847880226121
46923175,0.7249081998954058
46957996,0.7229394582437824
46993693,0.7274259003908515
47029287,0.7241768508168281
47061608,0.7215876247391253
47093780,0.7189960144753473
47128025,0.7143033402327704
47159875,0.7225752738207905
47193272,0.7265556724733916
47225530,0.7299036657695371
47261269,0.7255704075778017
47297061,0.714923228612331
47331894,0.7148826974490521
47363997,0.7184172533055846
47398090,0.7176894805061198
47430026,0.7145864623292043
47463350,0.7129830971936103
47495471,0.7163996358394189
47528666,0.7196796798324203
47564670,0.7178152463215883
47599945,0.7143683093033205
47634615,0.7182664535363261
47668754,0.720324006119252
47701391,0.7220519449772769
47735535,0.7212615872933372
47767791,0.718782629821614
47800880,0.718270029815439
47833804,0.7200539970462319
47866008,0.7217896845090013
47898135,0.71624406769801
47932345,0.7186431549362129
47966844,0.7136840478997287
48002977,0.7202399635601
48037590,0.7212878133401648
48070758,0.7243181138417857
48103831,0.7226301101005208
48136229,0.7202417516996564
48170981,0.7196480893669235
48207847,0.7263607652617413
48241954,0.7275296124851242
48275314,0.7255555064148315
48307472,0.7287741576163956
48340877,0.7304156697291934
48376681,0.7301665222843315
48411813,0.7247454791957711
48445981,0.7177717349257153
48480107,0.7145512955845946
48511977,0.7173801323628584
48545417,0.7176167628308252
48593182,0.723571267553719
48627167,0.7215566303201473
48979500,0.7186312340058367
53761886,0.7180006167889377
53796485,0.7135779516193809
53831069,0.7112134350792688
53862695,0.7080752501577438
53894310,0.7116473569449612
53924616,0.7231617835952978
53954592,0.7205677891454445
53986579,0.7166648765402885
54016225,0.7132954255694658
54049231,0.708820308306254
54084143,0.7089544187729858
54119930,0.7148749488443076
54154241,0.7143408911634553
54186872,0.7132763520808639
54219226,0.7124508276523146
54253676,0.7136792795275783
54285815,0.7142282383714006
54319570,0.7142431395343708
54352000,0.7136625902250516
54385364,0.7131350890559064
54418695,0.7136560337133447
54451305,0.7140267746480434
54483785,0.7092762838931422
54518211,0.7134271518501224
54550595,0.7079554448074633
54584494,0.7127142802136278
54616931,0.7090170036574607
54650241,0.7091344248216659
54683562,0.7085914264430316
54716094,0.7088626276090894
54748473,0.7085681806287981
54782924,0.7095862280829225
54815135,0.7094056259877236
54848833,0.7089967380758212
54881249,0.7095570218035009
54914586,0.7095743071525463
54947832,0.7102317464627917
54980395,0.7115496053158766
55012819,0.7149488586126398
55047237,0.7111502541482752
55079432,0.7145828860500915
55113135,0.7125378504440606
55145547,0.7173860928280464
55178838,0.7183648012119295
55213097,0.7170326372423932
55246210,0.7146168607016635
55278831,0.7165218253757746
55330677,0.7104606283260141
55365513,0.7119209422970941
55402141,0.7096666943629616
55437403,0.7138652460414464
55471964,0.7115865602000427
55505546,0.7131094590555976
55538385,0.7122869148596424
55571103,0.7140452520901265
55605657,0.7168365379377053
55642555,0.7190645598250103
55674520,0.7164270539792841
55707931,0.7177246472507295
55741475,0.7203901672828397
55773651,0.7204485798416829
55805511,0.7138110058082349
55840032,0.7140488283692393
55872392,0.7129485264955194
55905567,0.7163841386299299
55937453,0.7153380769894215
55970977,0.7127214327718535
56004366,0.7097078215727594
56036347,0.7096315276183519
56068098,0.7123328104415906
56102369,0.715339865128978
56134270,0.7111872090324413
56167110,0.7059974319931783
56198638,0.7049251443058424
56231704,0.7074166187544607
56264746,0.7107687843762379
56298605,0.7092005859852536
56338200,0.7107294453059966
56379392,0.7184244058638103
56414511,0.7182688377224014
56450044,0.7117570295044219
56481883,0.7065851338607232
56514888,0.7046163922090998
56548176,0.7078427920154086
56580105,0.7133514539422338
56611683,0.7207418347289365
56645860,0.7155967611785843
56677781,0.71569391676115
56712752,0.7172984739897816
56744576,0.7198811435557775
56777845,0.7210923100819957
56810955,0.7199055814630486
56842608,0.7172722479429541
56874144,0.7157821316459336
56908301,0.7172096630584792
56940213,0.7174808642245369
56972997,0.7154727835026722
57012363,0.7158226628092126
57056545,0.7146925586095522
57092391,0.7159329314151921
57126708,0.7177967688795053
57160752,0.7174975535270636
57195028,0.7169605156136174
57226850,0.7205052042609696
57259699,0.7203657293755685
57291177,0.717707361901684
57324178,0.7169134279386316
57357203,0.715967502113283
57388902,0.712480629978255
57420403,0.7111055506593645
57454588,0.7111442936830871
57486511,0.710659707863296
57519325,0.7112760199637437
57551090,0.7062722094383489
57584461,0.7062030680421671
57617540,0.7060492880403146
57649220,0.7063753254861027
57681002,0.7091207157517333
57715258,0.7071901210773136
57747187,0.709537948314899
57780102,0.7118869676455221
57811608,0.7172460218961265
57844794,0.718313541211312
57877893,0.7185459993536472
57909608,0.7177407405067373
57941092,0.7160402197885776
57975374,0.7158167023440245
58007368,0.7153505939663165
58040218,0.7143081086049209
58071743,0.7102383029744986
58104925,0.7103825462320502
58137986,0.7104916227449921
58169749,0.710116113438143
58202939,0.7051850205880428
58238145,0.7102561843700629
58270329,0.7104248655348856
58303249,0.7097924601784301
58334753,0.705143893378245
58367831,0.7047665959318394
58401012,0.7056082136163966
58432717,0.7058502085030327
58464210,0.7085544715588655
58498521,0.7066709645594316
58530371,0.7105017555358119
58563600,0.7122279062542803
58595342,0.7165224214222934
58628481,0.7165444751434893
58662734,0.714168037673001
58713439,0.7132197276615772
58745370,0.7174605986428975
58780475,0.714432086280833
58813963,0.7134217874314531
58848278,0.7063324101367485
58879554,0.7130349532407466
58905130,0.717831935624115
58930407,0.7093406569171735
58954258,0.7193035744790524
58978038,0.7044024115088476
59004577,0.7187260054023272
59028732,0.7054133064047463
59053861,0.717527355853004
59077606,0.7051212436105303
59102918,0.714889253960759
59128216,0.7044775133702175
59152212,0.7152224439647727
59175972,0.7059473640855984
59202503,0.7151741641967493
59226628,0.7047993784903739
59251701,0.7141269104632032
59275450,0.7064349301379835
59300816,0.7125283136997597
59326088,0.7057155019897821
59349976,0.7112038983349679
59373895,0.7127238169579287
59400412,0.7114977492687403
59424562,0.7083518157424707
59449605,0.7097578894803392
59473279,0.7140577690670215
59498583,0.7094688069187173
59523744,0.713322843709331
59549543,0.7087070594676804
59573457,0.7135731832472304
59606960,0.7116503371775552
59638935,0.7087791810964562
59671829,0.7093490015684368
59705513,0.7095826518038096
59738992,0.7087601076078544
59772311,0.7084948669069847
59804133,0.7085413585354517
59835688,0.7076294073616752
59869936,0.7094574820348599
59903816,0.7037503366172715
59939489,0.708021605971051
59973738,0.7088095794689154
60007432,0.7127947464936669
60040493,0.711734975783226
60072156,0.7081426034143691
60105616,0.7080859789950823
60142653,0.7112223757770509
60195322,0.7153094667565187
60231139,0.7158149142044681
60265283,0.7136470930155626
60301121,0.7057518608274294
60340266,0.7088143478410659
60374477,0.7087916980733512
60408945,0.71418353488249
60440280,0.7097888838993173
60473124,0.7093519818010309
60506299,0.7086408983040927
60541699,0.7082063803918816
60576958,0.7121820106723321
60609503,0.713226284173284
60640980,0.7117105378759548
60674527,0.712642158584852
60707448,0.7080037245754868
60743015,0.7102359187884234
60777112,0.7123077764878006
60810315,0.7149786609385802
60842636,0.7144064562805242
60874224,0.710815276004705
60907171,0.7074595341038149
60943449,0.7112748278707061
60977321,0.7131464139397637
61011085,0.7186896465646799
61042486,0.7138020651104527
61074814,0.711893524157229
61107219,0.7094854962212439
61138777,0.7077408680606924
61170129,0.7080126652732689
61204346,0.7076496729433147
61236199,0.7024658563692399
61269471,0.7028735521881047
61301403,0.7030100468409117
61334190,0.7031495217263128
61366784,0.7037038449888045
61398777,0.7058299429213932
61430510,0.7126415625383332
61464290,0.7119263067157634
61495856,0.7158846516471686
61528980,0.7160128016487124
61561067,0.7131970778938624
61594035,0.7131064788230036
61626722,0.713254298359668
61658628,0.7124389067219384
61690438,0.7080764422507814
61724344,0.7081151852745039
61755840,0.7059008724571314
61789002,0.7070691236339955
61820795,0.7084871183022402
61861544,0.716582622120693
61905115,0.7052166110535396
61937320,0.7057852394324826
61969143,0.7025951984638212
62002965,0.7032925728908268
62034502,0.7024694326483527
62067571,0.7013852240306406
62099377,0.7043869142993586
62131981,0.7078278908524384
62164724,0.7108826292613303
62196740,0.7125944748633474
62228501,0.7161248583942483
62262354,0.7164574523517433
62293916,0.7127512350977939
62326608,0.7121837988118885
62358050,0.7084841380696462
62390360,0.7069445499115645
62422737,0.7068283208403969
62454391,0.7074619182898901
62486111,0.7017845751982421
62519714,0.701968157526035
62554100,0.7009137512342634
62587201,0.7064456589753221
62618736,0.7028687838159542
62651098,0.7022590282272134
62683580,0.7022661807854391
62717549,0.70358105940593
62749537,0.70367106243027
62783266,0.7039625291779672
62814579,0.7107407701898539
62847327,0.711330856243474
62878746,0.7153410572220156
62911210,0.7123894348608774
62943578,0.7119280948553198
62975181,0.7097841155271668
63006750,0.7054973489638983
63040177,0.7053548938459031
63071441,0.706324661532004
63104479,0.7063967831607798
63135884,0.7012672068199166
63168366,0.7006270528587166
63200860,0.7011211754228086
63234983,0.7039875631317571
63269272,0.7031358126563803
63305512,0.701371514960708
63336832,0.7027811649776894
63369595,0.7001585602949334
63401093,0.7015616538002079
63435839,0.7035333756844253
63470861,0.701091969143387
63505209,0.6994427084258448
63545648,0.7117802753186554
63589907,0.7073170789858197
63621243,0.7067871936305992
63654078,0.7042057161576409
63685502,0.6977940437548212
63718051,0.6993914484252273
63750431,0.7051033622149661
63784755,0.7112825764754506
63817242,0.7031656149823207
63853144,0.6950009697676861
63885044,0.6962890262948306
63916948,0.702797854280216
63940950,0.7165903707254375
63965746,0.7083094964396354
63990589,0.7119018688084923
64014556,0.700492346345466
64038185,0.7064420826962092
64063954,0.7005138040201431
64087360,0.713412846733671
64112564,0.7048720961656685
64136383,0.7129884616122796
64161160,0.7013524414721062
64186289,0.7046235447673255
64211184,0.6974954244488983
64235214,0.7044101601135921
64261184,0.74172505637706
64284668,0.7083434710912074
64309730,0.7058883554802364
64333451,0.7047850733739225
64358036,0.7085365901633013
64382556,0.7410634447411829
64406403,0.7132811204530144
64430080,0.7011038900737632
64455841,0.716098036300902
64479189,0.7016474844989162
64504165,0.710526193443083
64527832,0.6993723749366254
64552865,0.7066512950243109
64577607,0.7009948135608213
64601490,0.7066000350236934
64628492,0.71077772507402
64661949,0.7126528874221906
64693179,0.7092387329624573
64726044,0.7080144534128253
64757468,0.7039255742938011
64789850,0.7041735296456253
64822245,0.7039422635963277
64853858,0.7013005854249699
64885259,0.701539600079012
64918848,0.7009417654206473
64954694,0.7025731447426253
65010817,0.708748782723997
65043667,0.7119656457860047
65076490,0.7120788946245783
65108489,0.7073027738693684
65141311,0.7032550219601419
65175270,0.7038492803393936
65207085,0.7040513401092696
65240435,0.7057804710603321
65273159,0.7050062066324003
65305886,0.7034600619626119
65338870,0.7033247594028424
65370887,0.7020510079921494
65403616,0.6994814514495673
65437594,0.7016331793824648
65469225,0.6988764642329769
65502481,0.6991160749335378
65539302,0.7001525998297453
65572369,0.7041329984823463
65605157,0.7037157659191806
65637313,0.6987679837665538
65670001,0.6992650865632399
65706269,0.698897921907654
65738339,0.7032925728908268
65771771,0.7041604166222115
65804548,0.7035399321961322
65837471,0.6994647621470407
65870248,0.698239290504371
65902385,0.6980765698047363
65935804,0.6993139623777822
65972609,0.699998223781374
66006954,0.7033724431243471
66042061,0.7023383024142149
66074797,0.7029462698633993
66107765,0.7039744501083434
66141716,0.7045603638363318
66176516,0.7032574061462171
66231604,0.7101107490194737
66268373,0.7064236052541262
66302747,0.7026792410229732
66338426,0.699339592378091
66371175,0.6994129060999044
66403904,0.6973291274701509
66437209,0.6988865970237966
66471952,0.7000703454101498
66507462,0.703142965214606
66543644,0.7033366803332186
66575469,0.7041568403430987
66608758,0.705097401749778
66641716,0.7038129215017463
66674491,0.7025385740445345
66716839,0.7013876082167159
66765129,0.7111866129859225
66800733,0.7097853076202044
66837376,0.6991780637714938
66868996,0.6974370118900551
66902574,0.6968230839756827
66935724,0.6980914709677065
66968767,0.7005906940210693
67001852,0.7013303877509103
67034342,0.7004476428565554
67067415,0.6992019056322462
67101603,0.6986052630669192
67134222,0.7018257024080399
67167722,0.7027161959071393
67201196,0.7018227221754458
67249484,0.7048971301194584
67281901,0.7077182182929777
67314584,0.7121528043929105
67347824,0.7123042002086878
67381996,0.708180154345054
67413957,0.7107884539113586
67447480,0.7111711157764334
67480431,0.7133371488257824
67513501,0.7109130276337895
67546747,0.7073021778228495
67579232,0.706377709672178
67612320,0.7080168375989006
67646550,0.7117558374113843
67678451,0.7099271666916808
67711878,0.7052267438443593
67745001,0.7021654489237605
67778035,0.7061130650178271
67811077,0.7112319125213519
67843552,0.7088095794689154
67876514,0.7027001026511315
67910617,0.7002926707616652
67942608,0.699895703780139
67976042,0.7051391250060945
68008739,0.7052362805886603
68041600,0.7016528489175855
68074428,0.6979651091057192
68106487,0.6995327114501848
68139259,0.7028884533510749
68173176,0.7043439989500044
68204767,0.6968254681617579
68238078,0.6943804853416068
68270820,0.6953216427948049
68303558,0.6974060174710771
68336439,0.6988162635345773
68368459,0.6988913653959471
68401469,0.6973577377030536
68457200,0.7019705417121103
68492592,0.7024581077644954
68528378,0.7025099638116317
68563171,0.705535495941102
68596429,0.7073748954981441
68629541,0.7074833759645672
68661720,0.7062912829269508
68694716,0.704882825003007
68730078,0.7089109073771128
68761885,0.7089877973780391
68795554,0.7077104696882331
68829788,0.7045800333714525
68863334,0.7083905587661933
68894784,0.7065308936275116
68924838,0.7055474168714782
68955428,0.7019085528741542
68987277,0.6983751891106592
69016763,0.6959653730351177
69047728,0.7055807954765314
69080383,0.7109315050758725
69113134,0.7092494617997959
69145802,0.7058347112935437
69178092,0.7038778905722964
69210837,0.7035679463825162
69244662,0.707201445961171
69276304,0.7033271435889177
69309394,0.7004500270426306
69342152,0.6987012265564473
69375002,0.7002980351803345
69407757,0.7018459679896794
69439846,0.7013154865879401
69472643,0.6990415691186868
69506500,0.6989867328389564
69538241,0.69551416582038
69571715,0.6977111932887069
69604488,0.6978089449177914
69637226,0.6941939227812198
69670092,0.6930065981157539
69702151,0.6972897883999095
69734826,0.701035940770619
69768791,0.7004416823913673
69800374,0.7036257628948406
69833440,0.7019240500836432
69866189,0.7046408301163709
69898965,0.7093269478472409
69933283,0.7077462324793616
69966384,0.7054538375680253
70000564,0.7010943533294622
70032523,0.7056332475701865
70066078,0.7080073008545996
70099151,0.7087559352822227
70156264,0.697443568401762
70192025,0.6983620760872454
70228412,0.7008314968146678
70264410,0.7076699385249542
70298611,0.7084573159762998
70330578,0.7048279887232767
70364152,0.705725038734083
70397371,0.706063593156766
70430475,0.7074231752661676
70463458,0.707260454566533
70495833,0.7056326515236677
70528852,0.7038653735954015
70563340,0.7040745859235031
70595476,0.7054377443120174
70628865,0.7063610203696513
70661928,0.705184424541524
70695083,0.7031656149823207
70728185,0.7026428821853259
70760510,0.7017380835697751
70793719,0.7022709491575896
70827944,0.7037056331283609
70859893,0.6982863781793568
70893452,0.6981939909689415
70926459,0.6993980049369342
70959537,0.7014227749613255
70992641,0.7007820249536068
71024961,0.6968838807206011
71058035,0.6949860686047159
71092337,0.6991232274917635
71124265,0.7030756119579806
71157662,0.7017523886862265
71190825,0.6971801158404488
71223980,0.6951231593040418
71256935,0.6978107330573479
71289377,0.6971294518863501
71322395,0.6972254153758782
71356496,0.6971372004910946
71388490,0.6914509167016646
71421953,0.6923801532244865
71454925,0.6961888904796708
71488055,0.6970936890952216
71521086,0.6944567792960142
71553631,0.6921804776406858
71586919,0.6920725932207815
71621100,0.6954277390751528
71653051,0.6994629740074843
71686605,0.6961596842002492
71720442,0.692120872988805
71754064,0.69160827298263
71787318,0.695473634657101
71819762,0.6990868686541162
71868623,0.6971634265379222
71902857,0.6929893127667085
71934817,0.6994814514495673
71968503,0.7004261851818783
72001649,0.7031727675405464
72034741,0.7021106126440302
72067799,0.7004989028571729
72100245,0.7017905356634302
72133221,0.7046175843021374
72167433,0.7050318366327091
72199461,0.7079393515514555
72232935,0.7057762987347005
72265962,0.7046682482562361
72299226,0.7053441650085646
72332247,0.707683051548368
72364563,0.7054770833822588
72397651,0.7051826364019675
72431899,0.7082349906247843
72463776,0.7022959831113795
72497280,0.7014698626363114
72530324,0.7028658035833601
72563830,0.704923356166286
72597211,0.7050985938428156
72629624,0.7025946024173024
72662659,0.7003141284363423
72696923,0.7024175766012164
72729000,0.7037104015005113
72762499,0.7043720131363884
72795607,0.7018704058969505
72828623,0.6990660070259579
72861772,0.6988448737674801
72894266,0.6988323567905851
72927307,0.6985951302760994
72961525,0.699718677964053
72993640,0.6963271732720343
73027164,0.6965852614146782
73060215,0.6973541614239408
73093474,0.6975568172403356
73126466,0.6970001097917687
73158830,0.6959290141974704
73191964,0.6964225407150436
73227260,0.6972283956084723
73259442,0.697642647939044
73293027,0.6966555949038976
73326071,0.695970737453787
73359192,0.6964422102501643
73392201,0.6971312400259065
73424505,0.6980414030601266
73457505,0.6972778674695334
73491708,0.6970620986297248
73531561,0.7030142191665434
73577768,0.6978393432902507
73610902,0.6971342202585006
73643985,0.6968987818835713
73677240,0.696815931417457
73709721,0.6965429421118429
73742745,0.6962830658296425
73776949,0.6964314814128257
73813274,0.7005406261134894
73848893,0.702269757064552
73882286,0.7056249029189232
73911539,0.7047260647685605
73936950,0.6957907314051069
73961529,0.741028874043092
73986790,0.6968457337433974
74057734,0.7021600845050913
74081902,0.6914944280975376
74107513,0.7018662335713188
74132536,0.6913781990263699
74157803,0.7023156526465002
74182984,0.6927574506708921
74207523,0.7027960661406596
74232592,0.6914872755393119
74259010,0.7020581605503751
74283134,0.6910366643710928
74308840,0.7023239972977635
74333897,0.6921041836862784
74359182,0.7053960210557009
74384442,0.6951315039553051
74408984,0.7026357296271002
74434019,0.6895924436560206
74460392,0.7416839291672622
74484529,0.6933415762593241
74510132,0.7064104922307124
74535302,0.6979978916642536
74561025,0.7045228129056469
74586304,0.6951487893043505
74613651,0.7410884786949729
74646473,0.6993223070290455
74680685,0.7025850656730015
74716219,0.7041467075522789
74758119,0.6953514451207453
74810781,0.6949801081395278
74844481,0.6959880228028325
74877441,0.6968206997896075
74911125,0.6958706016386272
74945889,0.6973017093302857
74978410,0.6958080167541524
75012451,0.6981767056198961
75046052,0.6982768414350559
75079641,0.6986064551599568
75113225,0.6991035579566428
75146164,0.6981367705031359
75179734,0.6989378570244141
75215070,0.7009524942579859
75247711,0.7011623026326064
75281660,0.7010770679804168
75315334,0.7012332321683445
75348962,0.7017809989191293
75382598,0.7017434479884443
75415594,0.7011766077490578
75449580,0.7030660752136797
75484618,0.7037813310362495
75518564,0.7014025093796861
75552263,0.6999940514557423
75585110,0.6998486161051531
75618415,0.701004946351641
75652793,0.6995768188925766
75684976,0.7018108012450697
75719513,0.6999040484314023
75755503,0.694280349526447
75791574,0.6904328692475401
75826309,0.6961543197815799
75859272,0.6957668895443546
75892908,0.6945449941807978
75927686,0.6932831637004809
75960130,0.6938589446376496
75994111,0.6959337825696209
76027780,0.6961918707122648
76061336,0.6945211523200455
76095031,0.6925822129943625
76127972,0.6932360760254951
76161533,0.6946433418564012
76196377,0.6986434100441229
76231412,0.7013595940303319
76265258,0.6985617516710462
76298517,0.6967795725798097
76331820,0.6987948058599002
76365101,0.7021767738076179
76397998,0.7033587340544145
76431410,0.6999719977345464
76465977,0.6966836090902816
76520173,0.6978375551506942
76556722,0.696526848855835
76592870,0.6916738380996988
76628207,0.6900150406378556
76661425,0.6893105136526243
76694024,0.6940586202214504
76728715,0.6986600993466495
76766432,0.7021892907845129
76801867,0.6970394488620101
76837092,0.692707978809831
76870671,0.6949598425578883
76904359,0.6981463072474369
76937941,0.6957150334972183
76970833,0.6907070506461919
77004510,0.6864220722224799
77039240,0.6891609059764034
77071723,0.6964779730412928
77105834,0.6944561832494954
77139433,0.6877959594483327
77173056,0.68294116055264
77206732,0.6865138633863763
77239697,0.6931800476527271
77273242,0.6943995588302087
77308112,0.6895119773759815
77340607,0.6840086798678255
77374868,0.6830782512519659
77408526,0.6885225401547599
77442157,0.6944526069703826
77475909,0.6954360837264161
77508861,0.6877470836337904
77545436,0.685017190577649
77580387,0.693916761149974
77612975,0.6981975672480544
77647024,0.7003415465762075
77680590,0.6954551572150179
77718041,0.6916607250762851
77752094,0.6980998156189698
77784679,0.7052720433797888
77818039,0.7065851338607232
77852657,0.6983930705062235
77884758,0.696890437232308
77918424,0.6991840242366819
77953720,0.7048536187235854
77989784,0.6979001400351691
78026372,0.6877470836337904
78062243,0.6890422927191606
78098794,0.6942427985957621
78136132,0.7076413282920514
78168308,0.7044250612765623
78201974,0.6990463374908372
78235143,0.6974483367739125
78289701,0.6907338727395382
78322972,0.6923342576425383
78357820,0.6915176739117711
78393857,0.6856782061670073
78431023,0.6909317601837826
78463357,0.6956750983804582
78497200,0.6976533767763825
78530418,0.6951911086071859
78581059,0.6941843860369189
78613673,0.694326841154914
78646273,0.6940759055704958
78679492,0.6935895316111483
78713927,0.6944812172032854
78746016,0.6911564697213732
78779783,0.6921435227565197
78813349,0.6929356685800158
78848526,0.6948513620914653
78883336,0.6969422932794443
78916859,0.6969595786284898
78947202,0.6988746760934205
78973799,0.6943298213875081
78998052,0.6956917876829848
79024017,0.6940538518492999
79076000,0.6975258228213576
79101429,0.6875009164215227
79126912,0.6980670330604354
79151660,0.688195906662453
79176944,0.6977403995681285
79203783,0.6917477478680311
79230652,0.6990987895844923
79256640,0.6916821827509622
79302379,0.6876767501445711
79327977,0.6990201114440097
79353392,0.690234385756777
79378110,0.699973189827584
79403437,0.6908918250670224
79430047,0.6985617516710462
79454314,0.6920261015923145
79480115,0.6982690928303114
79505460,0.6917680134496705
79531003,0.6965679760656328
79558273,0.6947226160434027
79583083,0.6899822580793211
79643700,0.6974089977036712
79679126,0.6917429794958806
79712012,0.6919599404287268
79743662,0.6919325222888616
79776084,0.6873435601405573
79808436,0.6876993999122858
79840243,0.6879837141017573
79871783,0.6925166478772936
79905296,0.6922883620605901
79936656,0.6986535428349426
79971829,0.6991852163297195
80006105,0.6970626946762436
80041333,0.6900609362198038
80074040,0.6876523122373
80105754,0.6908822883227215
80137359,0.696905934441797
80173203,0.6958974237319736
80207362,0.6946802967405673
80242990,0.6878364906116117
80274842,0.6869293078099856
80307345,0.6869662626941517
80339784,0.6888479815540292
80371499,0.6950379246518522
80403097,0.6997103333127896
80436690,0.6987667916735162
80469659,0.697515093984019
80505594,0.6989771960946555
80541606,0.6965167160650153
80574986,0.6865931375733778
80607387,0.6869930847874981
80639190,0.6897819864490016
80670802,0.6967825528124038
80704512,0.6968165274639758
80736718,0.6985379098102938
80770186,0.6982476351556343
80801783,0.6982047198062801
80834245,0.6964743967621799
80866688,0.69685944281333
80898358,0.6931484571872303
80929886,0.6905353892487751
80963401,0.69048293715512
80994655,0.6909257997185945
81027495,0.690703474367079
81058981,0.6864482982693074
81091309,0.6862307412899424
81123898,0.6875110492123424
81155594,0.6927091709028687
81187059,0.6979210016633274
81220599,0.6969124909535039
81251845,0.6969226237443237
81305746,0.6917334427515797
81337450,0.6964481707153524
81370220,0.6989032863263233
81405243,0.6993759512157383
81439745,0.696331345597666
81473502,0.6950248116284384
81506944,0.6878949031704549
81538277,0.6952519053521043
81571378,0.6957418555905647
81602950,0.6996215223814872
81635362,0.6966091032754306
81667797,0.6955427760532827
81699597,0.6945646637159185
81731140,0.6900192129634872
81764702,0.690880500183165
81795965,0.6896699297034656
81828767,0.690370880409584
81860201,0.6852025610449983
81892602,0.6853795868610844
81925135,0.6853569370933696
81956804,0.6882817373611614
81988336,0.6952709788407062
82022102,0.6941486232457904
82053435,0.698347770970794
82086206,0.699883186803244
82117716,0.6955308551229066
82150152,0.694889509068669
82182585,0.6923122039213424
82215424,0.6892073976048705
82248083,0.6894154178399345
82281880,0.6911326278606209
82313190,0.6895554887718545
82346092,0.6891692506276668
82377632,0.6851828915098777
82409994,0.6848348003428937
82442357,0.6849188429020456
82474204,0.6868077143201488
82505666,0.693606220913675
82540142,0.6932789913748493
82571596,0.6951958769793364
82604480,0.6969047423487594
82636074,0.69740959375019
82668508,0.6949872606977535
82700871,0.6949556702322567
82732649,0.6917847027521972
82764128,0.689463697607958
82800110,0.6893587934206478
82834179,0.6902725327339807
82869631,0.6948728197661423
82901524,0.6953425044229632
82934048,0.6946922176709435
82985609,0.6952608460498865
83020214,0.6950939530246202
83054425,0.6956709260548265
83089590,0.6952614420964053
83120918,0.6970048781639192
83153828,0.6981850502711594
83185314,0.6944967144127744
83217781,0.6949252718597975
83250261,0.6934256188184761
83282304,0.6892133580700586
83316517,0.6888259278328333
83352884,0.6941629283622418
83386437,0.6947804325557271
83419255,0.6952823037245636
83450844,0.6940973632451729
83483243,0.6917233099607599
83515579,0.6895793306326068
83549027,0.688341938059561
83580875,0.6886858569009133
83614478,0.6887216196920418
83645851,0.6887287722502675
83678730,0.6881601438713245
83711901,0.6845743280141745
83745079,0.6846881728992669
83777701,0.6839818577744792
83809780,0.6842912059177406
83842492,0.6857360226793316
83877726,0.6838948349827332
83908359,0.6841880898699868
83939605,0.687040172462484
83969324,0.6980449793392395
83999630,0.6938720576610634
84029922,0.68838246922284
84059472,0.6836057524211112
84089329,0.6892163383026526
84122905,0.693081103930605
84154238,0.6976235744504421
84187081,0.6980747816651799
84218599,0.6944740646450597
84251058,0.6936598651003677
84283451,0.6906963218088533
84315107,0.6880105361951037
84346654,0.6880838499169171
84380226,0.6880206689859234
84411506,0.683985434053592
84444472,0.6835985998628855
84475986,0.6838823180058382
84512038,0.6846315484799801
84547616,0.6883580313155688
84580204,0.6881017313124813
84623438,0.691005073905596
84667851,0.6935203902149666
84702097,0.6935555569595763
84737571,0.6941116683616243
84772956,0.6958229179171226
84806642,0.6925637355522795
84838569,0.6966502304852283
84871160,0.6995118498220265
84904857,0.6967402335095684
84936314,0.6919390788005685
84969365,0.6914568771668527
85001959,0.693665229519037
85034555,0.6940323941746228
85067221,0.6912065376289531
85099166,0.6864542587344955
85131737,0.6859732491938173
85165433,0.6873948201411748
85196909,0.6886548624819353
85231473,0.6879491434036664
85264566,0.687158189673208
85297404,0.686741553156561
85330081,0.6874895915376653
85362025,0.6826634028748754
85394825,0.6830395082282433
85428576,0.6825769761296482
85460109,0.6835652212578321
85493145,0.6835544924204936
85525714,0.6846106868518218
85559192,0.6832451442772322
85591978,0.6846810203410412
85623904,0.6919968953128929
85656570,0.6944204204583669
85690316,0.6925458541567152
85724141,0.6946910255779059
85759943,0.6881053075915942
85795168,0.6841773610326483
85828088,0.6850601059270032
85860758,0.6837559561438509
85892578,0.6837374787017678
85927463,0.6832034210209156
85963944,0.6819457628662303
85998144,0.6833625654414374
86031236,0.6877560243315726
86063818,0.686415515710773
86096340,0.6834871391638683
86131294,0.6812322951832169
86165889,0.687478266653808
86201072,0.6871659382779525
86234883,0.6899339783112977
86266446,0.6853205782557223
86299421,0.6863648517566743
86339894,0.692966066952475
86384959,0.6900490152894276
86418753,0.6883210764314027
86453493,0.6890780555102891
86488759,0.6926513543905443
86523735,0.6936151616114571
86555570,0.6955391997741699
86588777,0.6955707902396667
86621419,0.694861494882285
86654139,0.6926811567164847
86686666,0.6918127169385812
86719725,0.6899488794742679
86753342,0.6916517843785029
86787339,0.6925226083424817
86818952,0.690902553904361
86852083,0.6903768408747721
86884678,0.6885529385272191
86917356,0.687406741071551
86949992,0.685598335933487
86981873,0.6852824312785186
87014489,0.6860233171013972
87048500,0.685349784535144
87080010,0.683230243114262
87112963,0.6812674619278266
87145576,0.6819332458893353
87178242,0.6810403682041607
87210925,0.6806422091295968
87242840,0.6827319482245383
87275429,0.6866962536211316
87309172,0.6862462384994314
87340876,0.6921125283375417
87373905,0.689870797380304
87406476,0.6915611853076441
87439238,0.6949342125575796
87471872,0.6969571944424146
87503724,0.6928933492771804
87536473,0.6902391541289274
87570502,0.6889707671369036
87602065,0.688441477828202
87635035,0.6896192657493669
87667633,0.6880069599159908
87700206,0.6840825896361578
87734796,0.6835383991644858
87769485,0.6854636294202363
87804750,0.6911809076286444
87839157,0.6950093144189494
87870905,0.68890758620591
87903975,0.6903172362228913
87936580,0.6922198167109271
87969267,0.6906271804126716
88001847,0.6864322050132996
88059464,0.6913179983279703
88095090,0.6853026968601581
88131658,0.6824565747328489
88165916,0.6792200421357205
88201586,0.6824565747328489
88236414,0.6879372224732903
88269541,0.6917590727518884
88302127,0.6878001317739644
88333964,0.68335124055758
88366554,0.682459554965443
88400244,0.6841082196364665
88432891,0.6863898857104642
88468708,0.6861276252421886
88504018,0.6845546584790538
88540136,0.6892330276051792
88576052,0.6888688431821874
88610921,0.6826997617125227
88644645,0.6881458387548731
88678661,0.6784380291030442
88714780,0.682478032407526
88747601,0.6833369354411286
88780865,0.6835556845135312
88815930,0.6847549301093734
88853701,0.6821108677519402
88883677,0.6878782138679282
88914577,0.6833214382316396
88940176,0.6803602791262006
88965142,0.6908936132065788
88990048,0.6802219963338371
89014100,0.6893778669092496
89038883,0.6771356674594483
89064884,0.6888706313217439
89088611,0.6798584079573641
89113773,0.6896973478433308
89138532,0.6805426693609559
89163387,0.6882191524766865
89188287,0.680044970517751
89213277,0.6872112378133819
89238096,0.6805301523840609
89262185,0.68529673639497
89287003,0.6831605056715614
89312948,0.6872475966510292
89354921,0.6803543186610125
89379947,0.6870038136248366
89404751,0.6806529379669354
89429546,0.6861919982662199
89453565,0.6837738375394151
89478465,0.684231005219341
89504407,0.6816811182118795
89527974,0.6832415679981193
89553419,0.6843824010351183
89599073,0.6894934999338984
89624085,0.6797773456308062
89656288,0.6934679381213115
89688154,0.6894678699335897
89721504,0.6898278820309498
89756248,0.6895387994693278
89788199,0.6876916513075413
89821581,0.688985072253355
89854570,0.6913478006539107
89887262,0.6912023653033215
89919963,0.6871218308355607
89953664,0.6807602263403209
89988968,0.687161169905802
90025411,0.6959874267563136
90057428,0.694864475114879
90090564,0.6916839708905186
90123108,0.689274154814977
90155659,0.6875956878180132
90188303,0.6907183755300492
90220177,0.6909126866951807
90252757,0.6863612754775614
90286461,0.6836152891654121
90318014,0.680508098662865
90351038,0.6834615091635595
90383613,0.6858534438435369
90416326,0.6849116903438199
90448945,0.6819034435633949
90480966,0.6757182688377223
90513640,0.6781072232851056
90547682,0.6800187444709235
90579302,0.6802178240082054
90612485,0.6781698081695805
90645225,0.6780881497965038
90677804,0.6801826572635957
90710486,0.6834644893961536
90742514,0.6895876752838701
90777804,0.688397966432329
90814257,0.6783778284046446
90848394,0.6779766890974867
90884076,0.6808293677365026
90919363,0.682692609154297
90954747,0.6832475284633074
90989988,0.6872809752560824
91024564,0.6881905422437837
91058446,0.6919450392657566
91092228,0.6882751808494545
91123670,0.692005836010675
91157850,0.6894082652817088
91193149,0.69201835298757
91230384,0.6825763800831294
91271492,0.6877059564239927
91315485,0.6816906549561804
91348051,0.6778759572358081
91381756,0.6775308463014181
91413246,0.6772816988565563
91446251,0.6779152963060494
91478802,0.6797046279555116
91511384,0.680595121454611
91544053,0.6827462533409897
91576179,0.6868065222271111
91608828,0.6885487662015874
91642518,0.688180409452964
91673998,0.692384921596637
91707239,0.6911683906517494
91739754,0.6880296096837055
91772239,0.6878525838676195
91804835,0.6877029761913986
91836613,0.6840378861472471
91869225,0.6818950989121316
91903007,0.6832350114864124
91934449,0.6818748333304921
91967621,0.6817258217007901
92000272,0.6820184805415249
92032840,0.6818843700747931
92065378,0.6777722451415354
92097315,0.6776125046744949
92129852,0.6776148888605701
92163598,0.6771183821104029
92195122,0.6797022437694363
92228193,0.6801749086588512
92260834,0.683708868468865
92293431,0.6864608152462024
92326051,0.6876386031673674
92358015,0.6910038818125583
92390579,0.689569197841787
92424454,0.6918884148464698
92455894,0.6874669417699506
92488921,0.6872005089760433
92521511,0.6862355096620929
92554592,0.6846416812707998
92587351,0.6846392970847246
92619285,0.6810016251804382
92651916,0.6810451365763112
92688316,0.6808651305276311
92724500,0.6835157493967711
92761070,0.6893862115605129
92793814,0.6851340156953354
92826488,0.6865329368749782
92859174,0.6882072315463104
92891085,0.6915683378658698
92923748,0.6879258975894329
92975977,0.6878746375888154
93008560,0.6895727741208999
93041611,0.6904716122712626
93074289,0.6896979438898496
93106916,0.6874663457234318
93139496,0.6864697559439845
93171464,0.6851346117418542
93204072,0.6834990600942444
93237740,0.6843597512674036
93269208,0.6808383084342847
93302218,0.6806672430833868
93334809,0.680607638431506
93367429,0.6812340833227734
93400103,0.6812376596018862
93431986,0.6764132590786528
93464624,0.676443657451112
93498433,0.6759119839563351
93529848,0.6771440121107116
93563551,0.6766725393143344
93596362,0.6779343697946513
93629061,0.6788248632937507
93661738,0.6803239202885533
93693656,0.6858325822153786
93726365,0.6866986378072069
93760123,0.686418495943367
93791668,0.6903190243624477
93829465,0.6807047940140717
93864280,0.6770063253648669
93895107,0.676779231641201
93926649,0.6802172279616866
93956631,0.6897331106344593
93985601,0.6843764405699302
94015531,0.6799388742374032
94043189,0.6787825439909153
94073575,0.6909132827416995
94106172,0.686110935939662
94138818,0.6836832384685563
94173775,0.6852973324414888
94209157,0.6865818126895205
94248233,0.6793803786492799
94280976,0.6761134476796923
94314093,0.6740094034682993
94346790,0.6760091395389008
94379433,0.6789720867838963
94412082,0.680359087033163
94444033,0.68511673034629
94476618,0.6851620298817194
94510408,0.685240708022202
94544718,0.6907475818094708
94578072,0.6839806656814416
94610799,0.684579096386325
94698944,0.677633962349172
94734516,0.6753862709267462
94769366,0.6788934086434136
94802359,0.6795925712099756
94836468,0.6802142477290926
94868091,0.6802404737759201
94901320,0.6794840907435525
94934369,0.6788761232943682
94967308,0.6796271419080665
95000121,0.6789941405050922
95032342,0.6762904734957783
95065288,0.6748671144088643
95099294,0.6737602560234375
95130974,0.6748659223158266
95164182,0.6758833737234323
95197184,0.6763524623337344
95230184,0.6761694760524602
95262983,0.67647465187009
95295030,0.6823802807784415
95327961,0.6841970305677689
95361968,0.6810201026225212
95393666,0.6853271347674292
95426859,0.6854767424436501
95459786,0.6869138106004966
95492626,0.6882340536396567
95525355,0.6893063413269926
95559907,0.6864161117572918
95593052,0.6871927603712988
95627210,0.6847036701087559
95658870,0.6886471138771908
95691960,0.6884623394563603
95749323,0.6746501534760181
95782557,0.6745559781260464
95815335,0.6737203209066773
95847439,0.6748486369667812
95880404,0.6764186234973221
95914479,0.6750590413879205
95946140,0.6769574495503247
95979350,0.6770468565281459
96012243,0.6797207212115194
96045118,0.6831253389269517
96077877,0.6841398101019633
96109907,0.6865853889686333
96142870,0.6870193108343257
96176893,0.6860888822184661
96208508,0.686110935939662
96241812,0.6857354266328128
96274750,0.6847453933650725
96307570,0.683307729161707
96340391,0.6843436580113957
96372497,0.6821472265895875
96422909,0.6831944803231335
96456994,0.6842232566145965
96488648,0.6806928730836955
96521837,0.680480084476481
96558409,0.6842167001028896
96591393,0.6846589666198453
96624257,0.6838858942849511
96656276,0.6833297828829029
96689292,0.6819105961216206
96723367,0.6833464721854295
96754975,0.679777941677325
96788180,0.6797880744681447
96821045,0.6791139458553727
96853916,0.6778497311889805
96886635,0.6775087925802222
96918680,0.6779653642136293
96951604,0.6784892891036617
96985651,0.6781262967737075
97017305,0.6747878402218628
97050640,0.6742877571925827
97083575,0.6729931441537313
97116372,0.6737346260231287
97149133,0.673945030444268
97181114,0.6743586867283209
97214403,0.6751120895280944
97250938,0.6734306422985366
97282730,0.6740070192822241
97316023,0.6738538353268904
97349049,0.6730521527590934
97381782,0.6730980483410416
97414563,0.6738156883496866
97446631,0.6763041825657109
97479559,0.6784112070096978
97513543,0.6762612672163567
97547616,0.68230100659144
97581020,0.67391403602529
97613966,0.675405344415348
97646892,0.6768489690839016
97679663,0.6778622481658755
97711892,0.6825155833382109
97744967,0.6822622635677175
97779060,0.6812650777417514
97810674,0.6863267047794706
97844046,0.6859064919837108
97877259,0.6850571256944091
97910154,0.6853605133724825
97943012,0.6872279271159085
97975011,0.6838668207963492
98007923,0.6835980038163667
98041902,0.6834263424189498
98081720,0.6725198832177977
98126794,0.6865782364104076
98159687,0.6878764257283718
98192490,0.684548101967347
98225284,0.6828332761327357
98257374,0.6823939898483741
98290237,0.6810826875069961
98324267,0.6831438163690348
98355988,0.6795842265587123
98389175,0.6792641495781123
98422061,0.6786788318966427
98454936,0.6774980637428837
98487557,0.6770313593186569
98521068,0.6755352825564482
98554942,0.6767404886174785
98589123,0.6791926239958553
98620805,0.6767899604785396
98654002,0.6766779037330036
98686913,0.6767208190823578
98720469,0.676515183033369
98754135,0.676701745593756
98786259,0.6762195439600401
98819422,0.6769741388528513
98854606,0.6766802879190789
98888188,0.6749994367360397
98916419,0.6761289448891813
98942267,0.6724173632165626
98967436,0.6814421035578374
98992354,0.6725926008930923
99016492,0.6791598414373209
99041569,0.6738586036990408
99067737,0.681499324023643
99099910,0.678938708178843
99124960,0.6725163069386848
99149994,0.678028545144623
99174874,0.674013575793931
99198974,0.676577171871325
99224022,0.6744963734741656
99250171,0.6793303107417
99273890,0.6761074872145042
99299195,0.6776387307213224
99324195,0.6748629420832326
99349247,0.6773359390897679
99374120,0.6749469846423846
99398195,0.6760919900050152
99423215,0.6801421261003168
99449463,0.6778169486304461
99473126,0.6802583551714844
99498452,0.6757832379082725
99523507,0.6788445328288714
99548747,0.6751401037144784
99582167,0.6754130930200926
99620962,0.6809903002965808
99654192,0.6761778207037236
99688475,0.6752473920878639
99720299,0.6749779790613626
99753860,0.67557938999884
99787054,0.6761480183777832
99820197,0.6762535186116122
99853445,0.674905261386068
99885688,0.6745315402187753
99918849,0.6742281525407019
99953128,0.677012285830055
99984963,0.671754559487648
100018453,0.67050822621682
100051785,0.6698424422553113
100084933,0.67030318621435
100117945,0.6716442908816684
100150199,0.6715507115782156
100183381,0.6704849804025865
100217709,0.6702036464457091
100250208,0.6695819699265921
100283608,0.6715042199497485
100316534,0.6712824906447519
100349437,0.670884331570188
100382233,0.6708032692436301
100416826,0.6704504097044957
100459308,0.679358324928084
100499896,0.673957547421163
100534151,0.6721318569340535
100570524,0.6704188192389988
100606143,0.6750703662717779
100639700,0.6770796390866803
100672418,0.6752199739479987
100704458,0.6751895755755395
100737431,0.6753344148796099
100771302,0.6746018737079946
100802837,0.6744349806827283
100837480,0.6746573060342438
100873042,0.6756741613953305
100908424,0.6768906923402181
100941897,0.6806714154090184
100974116,0.6772137495534122
101007223,0.6775731656042535
101041393,0.6809497691333019
101073263,0.6769979807136036
101106658,0.6757951588386487
101139868,0.6747538655702907
101173032,0.6758356900019277
101205899,0.6753582567403622
101238226,0.6752587169717212
101271423,0.6735796539282386
101325551,0.6798810577250788
101376600,0.6807328082004557
101412827,0.6850261312754311
101448894,0.678413591195773
101484880,0.6708664501746238
101520668,0.6707794273828778
101553399,0.6751293748771399
101586812,0.6742674916109432
101621096,0.6734312383450554
101652954,0.6744552462643678
101686307,0.6751770585986445
101719846,0.6739378778860423
101754170,0.6737411825348356
101787452,0.6739438383512304
101819755,0.6746304839408974
101853031,0.6748289674316605
101887260,0.6747103541744177
101919121,0.6694663369019433
101952516,0.6695783936474793
101985736,0.6699020469071921
102018851,0.6697536313240089
102051832,0.6694609724832741
102084102,0.6690538727109281
102117225,0.6696230971363899
102151424,0.6702578866789206
102183367,0.6702745759814472
102216726,0.6698609196973944
102249926,0.6700146996992469
102283009,0.6708879078493009
102315889,0.671785553906626
102348231,0.673829993466138
102381429,0.6741613953305954
102415640,0.671875556930966
102447455,0.6784034584049533
102480946,0.6779778811905243
102514081,0.6777418467690762
102547420,0.6782317970075366
102580616,0.6785822723605958
102612958,0.680694661223252
102646096,0.6810743428557328
102680319,0.6781304690993392
102712218,0.6815005161166806
102745594,0.6830800393915223
102778817,0.683320246138602
102811877,0.6824076989183067
102844848,0.6822807410098005
102877130,0.6790805672503194
102910274,0.6809390402959633
102944601,0.6836540321891347
102976482,0.6792146777170512
103009880,0.6772030207160736
103065913,0.6780809972382781
103103051,0.6699914538850134
103138380,0.6749112218512561
103170668,0.6740976183530829
103203790,0.6730116215958144
103238948,0.6714642848329884
103271279,0.6720656957704658
103304744,0.6728739348499697
103337872,0.6749571174332043
103371056,0.6751812309242762
103403987,0.673065861829026
103436269,0.6665886243091373
103469495,0.6667430003575087
103503748,0.6740791409109999
103535751,0.6708831394771504
103569721,0.669473489460169
103602982,0.6666780312869586
103636134,0.666763861985667
103669216,0.6689966522451225
103701479,0.6699121796980119
103734805,0.6686211429382733
103769026,0.6668824752429098
103803614,0.6716103162300964
103837434,0.6726784315918006
103873502,0.6729251948505872
103907910,0.6745810120798363
103939606,0.6725276318225422
103965231,0.6717611159993548
103991702,0.6765002818703988
104015757,0.6729836074094304
104041343,0.6772465321119466
104066791,0.672279676470718
104092137,0.673335870902046
104117270,0.672692736708252
104141692,0.6763494821011403
104167115,0.6721717920508137
104193581,0.6699306571400949
104217620,0.6735397188114784
104243242,0.6702483499346197
104268669,0.675548395579862
104293965,0.6688309513128938
104319084,0.6769413562943168
104343619,0.6698954903954852
104369043,0.6766326041975742
104395551,0.6679362854881626
104419618,0.6772882553682632
104445207,0.6670422157099504
104470604,0.6776095244419008
104495923,0.6680501303732551
104521083,0.6786639307336725
104545698,0.6680614552571125
104589127,0.6813848830920318
104615574,0.6710750664562066
104639550,0.6806302881992207
104672951,0.6722582187960409
104706243,0.6723661032159451
104740668,0.6715477313456215
104774039,0.6719792690252386
104806494,0.6717527713480915
104839805,0.6721020546081131
104874298,0.6732816306688345
104906254,0.671965559955306
104939675,0.671611508323134
104972974,0.6717635001854301
105006354,0.6713975276228819
105039430,0.6714434232048301
105071920,0.6713361348314446
105105186,0.671959599490118
105139528,0.6721527185622118
105171602,0.6722772922846427
105205122,0.6713587845991593
105238396,0.671537002508283
105271664,0.6720066871651038
105304814,0.6726677027544621
105337215,0.6698752248138458
105370470,0.6679094633948163
105404777,0.6709129418030908
105436754,0.666682799659109
105470283,0.6681741080491672
105503586,0.6675196489715157
105536877,0.6660301287210141
105570248,0.6654764015050413
105602702,0.6672442754798263
105636107,0.6682623229339508
105670540,0.6688547931736462
105702553,0.6668914159406919
105736140,0.6664294798886156
105769455,0.6669671138485805
105802791,0.6678021750214308
105835826,0.6675172647854405
105868238,0.6665176947733992
105901777,0.666244705467785
105936152,0.6672502359450144
105968170,0.6675637564139075
106001799,0.6667131980315683
106035129,0.6662822563984699
106068411,0.6667608817530729
106101507,0.6669993003605962
106133653,0.6687212787534331
106166594,0.6692076527127806
106200636,0.6681419215371516
106241403,0.670769294592058
106286357,0.6657791931365958
106319383,0.6670481761751385
106352938,0.6671214898969519
106388325,0.6673515638532118
106423046,0.6696719729509322
106457601,0.6695634924845091
106491691,0.6727970448490435
106523287,0.6724513378681347
106556520,0.6711060608751847
106589696,0.6694871985301016
106622619,0.6686622701480711
106655345,0.6709200943613165
106687468,0.6708938683144889
106720379,0.6672848066431053
106754467,0.6696439587645482
106786136,0.6650526124301687
106819217,0.6661338408152867
106852126,0.6670320829191306
106885016,0.6671351989668844
106917707,0.667027910593499
106949700,0.6688625417783907
106982674,0.6712824906447519
107016624,0.6696260773689839
107048225,0.6765688272200617
107081390,0.6760764927955262
107114432,0.6761253686100684
107147311,0.6779933784000133
107180033,0.6795413112093581
107212074,0.6771040769939515
107244968,0.6763625951245541
107279029,0.6776667449077064
107310656,0.6764072986134647
107343815,0.676108083261023
107376740,0.6753046125536695
107409610,0.6740088074217805
107442243,0.6725550499624073
107474241,0.6699419820239523
107507318,0.6702489459811385
107541449,0.6697619759752722
107573402,0.6698793971394774
107606674,0.6699109876049743
107639642,0.6699205243492752
107672546,0.6699854934198253
107705338,0.6702853048187858
107738246,0.6655878622040584
107771709,0.6697148883002864
107805807,0.6701857650501448
107837475,0.6652010280133519
107870826,0.6650883752212972
107903813,0.6651056605703426
107957418,0.6697148883002864
107994027,0.6695974671360811
108028809,0.6736434309057511
108063519,0.6760216565157958
108097523,0.6775534960691328
108129060,0.6751156658072073
108162173,0.6760145039575701
108195167,0.6753087848793011
108228055,0.6756181330225626
108260783,0.6743479578909823
108292852,0.6722838487963496
108325745,0.6703341806333281
108359409,0.6721682157717008
108392904,0.672556242055445
108426113,0.6717062797196245
108459443,0.6708074415692618
108492647,0.6716132964626904
108525017,0.6694335543434089
108560319,0.6741524546328133
108594703,0.6745392888235198
108626640,0.6715817059971936
108660127,0.6733549443906479
108693384,0.6746191590570401
108726490,0.6731975881096826
108759491,0.6705743873804078
108791902,0.6682301364219352
108826294,0.6694025599244309
108862544,0.6758523793044543
108895872,0.677043280249033
108927824,0.674178084633122
108974954,0.67679472885069
109000434,0.6692893110858573
109025674,0.6758213848854763
109050232,0.6690455280596648
109075715,0.6742770283552442
109102277,0.6681937775842879
109127985,0.6708616818024733
109153854,0.6711901034343366
109179352,0.6648964482422409
109204820,0.6746674388250635
109232495,0.6630308226383713
109258557,0.6750954002255678
109692545,0.6678951582783649
109730799,0.6742025225403931
109768391,0.672705253685147
109798922,0.6683976254937203
109840619,0.66861279828701
109897694,0.6772197100186003
109929834,0.6750447362714691
109964487,0.6768287035022621
109996789,0.6745988934754006
110030453,0.6781137797968125
110065288,0.6754387230204013
110098754,0.6746251195222281
110132496,0.6737644283490691
110170169,0.6712091769229385
110202532,0.664448817306616
110236174,0.663768132182137
110269579,0.6637204484606324
110302890,0.6635416345049899
110336087,0.6637860135777013
110368551,0.6658209163929124
110402123,0.6657338936011664
110436899,0.6632966593857598
110470783,0.6632799700832331
110505562,0.663127978220937
110540932,0.663212020780089
110576101,0.6675923666468103
110610407,0.6685096822392562
110644048,0.6702501380741761
110677109,0.6693912350405735
110710617,0.6707430685452305
110746884,0.6727630701974714
110779415,0.6735981313703217
110813251,0.6738508550942963
110846806,0.6737000553250378
110880312,0.6738633720711913
110913753,0.6744892209159399
110947584,0.6767500253617794
110981083,0.6767720790829753
111013799,0.6734765378804848
111047506,0.6753284544144218
111082187,0.6761962981458066
111114442,0.6775928351393742
111148330,0.6765813441969567
111182131,0.6757742972104903
111215823,0.6751859992964266
111249334,0.6747794955705995
111282134,0.676599225592521
111315860,0.6747634023145916
111350569,0.6712061966903444
111382754,0.6741619913771142
111416457,0.6740183441660814
111450072,0.6736076681146226
111483611,0.6719709243739753
111516887,0.6715626325085917
111549810,0.6739599316072382
111600681,0.6774682614169433
111638507,0.7028222921874872
111674009,0.661841709833349
111708320,0.6664515336098115
111741960,0.6677378019973995
111775511,0.6679976782796
111809000,0.6669182380340383
111844376,0.6684238515405478
111884401,0.6710363234324841
111925792,0.6682474217709806
111961000,0.6678587994407176
111996166,0.6718701925122967
112029763,0.6720418539097135
112063249,0.6722963657732446
112096727,0.6724710074032554
112129630,0.6732637492732703
112163272,0.6723398771691176
112198572,0.6766618104769958
112231575,0.6731326190391325
112266041,0.6742162316103257
112299786,0.6736136285798107
112333338,0.6733114329947749
112366693,0.6735778657886822
112399376,0.6748736709205712
112432880,0.6726116743816941
112467480,0.6703830564478703
112499732,0.6754607767415972
112533639,0.6743700116121782
112567370,0.6703377569124409
112601105,0.6687206827069143
112634249,0.6694907748092145
112666961,0.6746954530114475
112700807,0.6741643755631894
112735305,0.6650442677789054
112767219,0.6676746210664058
112800883,0.6687719427075318
112834059,0.6733471957859034
112867185,0.675197324180284
112900194,0.6730545369451686
112932524,0.6719590034435992
112969125,0.6718338336746494
113003647,0.662528355423016
113035666,0.6673116287364517
113069006,0.6664896805870152
113102145,0.6639332370678469
113135290,0.6633574561306782
113171961,0.6676221689727507
113204588,0.6629652575213024
113237794,0.6624681547246164
113271986,0.6610519481959282
113315783,0.6714291180883787
113364662,0.6724513378681347
113400411,0.6747037976627108
113436233,0.6700939738862484
113471877,0.6613738133160846
113505428,0.6615728928533665
113538732,0.6638873414858987
113572963,0.6617523028555278
113606577,0.6602234435347848
113639888,0.6599468779500577
113673395,0.6610644651728231
113707425,0.6678111157192129
113741284,0.6647045212631847
113775677,0.6640101270687732
113810695,0.6637287931118957
113844110,0.6657929022065284
113880870,0.6702453697020256
113908566,0.6712693776213381
113935039,0.6645519333543698
113960873,0.6704372966810819
113985866,0.6645686226568964
114011705,0.6700689399324584
114038686,0.6678778729293194
114063184,0.702807391024517
114089191,0.6684935889832484
114114940,0.6603825879553066
114140745,0.6710494364558979
114166289,0.6606245828419427
114191578,0.6715340222756889
114217548,0.6638843612533046
114244488,0.6707049215680267
114268967,0.6647659140546219
114294852,0.6702292764460178
114320636,0.664538820330956
114346496,0.7026005628824905
114372124,0.6671691736184565
114397010,0.7018227221754458
114422782,0.6689340673606476
114449662,0.6604469609793379
114474168,0.6706930006376506
114500219,0.6597174000403165
114526106,0.6746531337086121
114552165,0.6650621491744696
114577920,0.6707841957550282
114605002,0.6646025973084685
114638784,0.6597239565520234
114673714,0.6597752165526409
114706707,0.6601060223705795
114740807,0.6633944110148443
114774526,0.6647790270780357
114808983,0.6646359759135217
114852941,0.6706602180791161
114900047,0.6711668576201031
114936214,0.6705380285427605
114973404,0.6595594477128324
115007708,0.6602329802790857
115041293,0.665589054297096
115074711,0.6657017070891508
115108115,0.6643641787009452
115141321,0.6632603005481125
115176234,0.6615705086672913
115209919,0.6653005677819929
115249054,0.6662607987237928
115281670,0.670036157373924
115315470,0.6713409032035951
115348929,0.6733024922969928
115382355,0.674305638588147
115426978,0.6718564834423641
115464936,0.6674522957148904
115501244,0.6721622553065127
115531941,0.6714350785535668
115563238,0.6734526960197325
115597172,0.6723196115874781
115626647,0.6729418841531138
115655783,0.665396531271521
115688291,0.6626600817036726
115730057,0.6672931512943686
115758648,0.6681294045602566
115785107,0.6628239944963449
115811763,0.6708139980809686
115838718,0.6258935482375083
115865556,0.6588549207276011
115890957,0.668435772470924
115920796,0.6583244393258618
115949391,0.6594467949207776
115979906,0.6711096371542975
116005098,0.6256348640483456
116032253,0.6588942597978424
116059444,0.6698966824885229
116085934,0.702828848699194
116110916,0.6720120515837731
116136571,0.7025981786964153
116164241,0.661872704252327
116189506,0.6663519938411705
116215478,0.6598461460883791
116241299,0.6696379982993601
116268093,0.6591457914287795
116294575,0.6710077131995813
116321684,0.7027817610242082
116353070,0.6612516237797289
116386319,0.6616044833188633
116427636,0.66267140658753
116476755,0.66232629565314
116510014,0.6637240247397452
116544207,0.6652731496421277
116578206,0.6645507412613322
116612762,0.6638360814852812
116647311,0.6660307247675329
116680125,0.6683779559585996
116713597,0.6713242139010684
116750006,0.6706268394740629
116783902,0.6696457469041046
116817841,0.6683654389817046
116851360,0.6715870704158629
116886023,0.6718976106521619
116920683,0.6632763938041203
116953511,0.6606496167957326
116986881,0.6606239867954239
117022289,0.6602931809774853
117055542,0.6623596742581933
117089358,0.6593055318958201
117122888,0.6558913774360868
117157270,0.6565035172109028
117191756,0.6614214970375892
117224716,0.6612754656404812
117258954,0.6597829651573854
117294828,0.6595695805036521
117328414,0.661422093084108
117363212,0.6685955129379646
117396390,0.6689620815470316
117430520,0.6673771938535206
117464543,0.6659073431381396
117497463,0.6674886545525377
117530711,0.6702602708649958
117566130,0.6719303932106964
117599074,0.6683976254937203
117632810,0.6673193773411962
117666326,0.6695837580661486
117700642,0.6747181027791622
117735001,0.6705040538911884
117767894,0.6685895524727765
117801884,0.6672943433874062
117837448,0.6630451277548227
117870783,0.6632173851987583
117904671,0.6607253147036213
117938215,0.6593961309666789
117972584,0.6576550790852402
118006898,0.658553917235603
118039663,0.6581939051382428
118076468,0.6626106098426116
118109334,0.6628621414735486
118142630,0.6626350477498827
118175520,0.661664684017263
118251198,0.6686318717756119
118288851,0.6648481684742175
118323973,0.6587798188662313
118356950,0.6579924414148857
118391833,0.6592232774762246
118424566,0.657261092336308
118457845,0.65667994698047
118490997,0.6576234886197434
118525143,0.6590396951484316
118559344,0.6617773368093177
118591738,0.6561590023230317
118624696,0.6561989374397919
118659731,0.6631345347326439
118692409,0.6630141333358447
118725775,0.6610251261025818
118758732,0.6572348662894805
118792584,0.6610829426149062
118826337,0.6640971498605192
118859440,0.663448055201537
118894916,0.6605453086549412
118929955,0.6597859453899795
118961363,0.6608510805190898
118992683,0.6644959049816018
119023349,0.6606567693539583
119057137,0.6572169848939162
119090880,0.6535530869428023
119123086,0.6544990127681509
119155958,0.6601769519063178
119190842,0.6613773895951974
119223472,0.6563491411625315
119256849,0.6520117106451643
119289808,0.654402453232104
119323690,0.6594789814327933
119357653,0.6613654686648213
119985243,0.6688434682897888
120021725,0.6681603989792346
120056706,0.6591094325911322
120091988,0.6547821348645848
120126794,0.6615943505280436
120159291,0.6609083009848954
120192647,0.6596721005048871
120225423,0.655173141380923
120259032,0.6565094776760909
120292677,0.6601990056275137
120324882,0.6574732848970037
120357652,0.6566251107007397
120392348,0.6553364581270764
120424879,0.6555867976649759
120458118,0.6573552676862797
120490936,0.6573117562904067
120524634,0.6567943879120812
120558443,0.6547702139342086
120590797,0.6556154078978786
120623595,0.6563860960466976
120658271,0.6561691351138514
120690752,0.6559718437161259
120724123,0.6558717079009662
120756850,0.6564939804666019
120790484,0.6561458892996179
120824122,0.655800778365228
120856259,0.6571263858230574
120889010,0.6580711195553683
120923794,0.6556160039443975
120956265,0.6572932788483237
120989472,0.658426363280578
121022268,0.6596929621330454
121055846,0.6574983188507937
121089440,0.6557584590623926
121121734,0.6593490432916931
121154480,0.6644404726553527
121189106,0.6587798188662313
121221666,0.6594003032923106
121286658,0.6663269598873806
121319979,0.6668598254751951
121353852,0.6651539403383661
121387657,0.6628001526355926
121419885,0.6648147898691642
121452778,0.667571505018652
121487700,0.6653369266196402
121520340,0.666617830588559
121553888,0.6648821431257895
121586932,0.6637717084612499
121620745,0.6641960935826413
121654582,0.6643218593981098
121686761,0.6665129264012487
121719682,0.6661427815130688
121754700,0.6610817505218686
121787295,0.6640381412551571
121820591,0.6661928494206487
121853461,0.6674916347851317
121887185,0.6647414761473508
121920979,0.6615132882014857
121953163,0.6643695431196145
121986020,0.6687975727078406
122020852,0.6668121417536904
122053537,0.6654811698771917
122086829,0.6619633033231859
122119712,0.6648696261488946
122153503,0.6683260999114633
122187282,0.6686706147993344
122219486,0.6675464710648621
122252323,0.6636298493897735
122287159,0.661139567034193
122319806,0.6686241231708674
122353040,0.672177156469483
122385885,0.6706441248231083
122419626,0.6630051926380626
122453476,0.6595207046891098
122485580,0.6686348520082059
122518503,0.6746555178946874
122553800,0.669193943642848
122586639,0.6635708407844115
122619954,0.6602431130699055
122652901,0.6658155519742431
122686670,0.6702072227248219
122720379,0.6694639527158681
122753621,0.6646985607979966
122787101,0.6598753523678007
122822076,0.6574184486172734
122863618,0.6629926756611676
122900027,0.6680221161868711
122934173,0.6629008844972711
122968361,0.6624419286777888
123016748,0.6580729076949248
123041131,0.6636322335758488
123066066,0.6599015784146283
123092982,0.6636042193894648
123117672,0.6519437613420201
123142948,0.6615579916903963
123167837,0.6540787999723912
123213428,0.668783863637908
123239706,0.6596619677140674