1655241022442232,d0,d1,d2,d3
33286,0.2729654637533979
67688,0.22876682624421432
92783,0.2280879292592918
120989,0.27341190259598525
145035,0.22751572460123592
170178,0.23426654747325748
195140,0.22810044623618678
219557,0.23200037860874875
243547,0.22746684878669365
270431,0.2324474134978549
297807,0.22640409784365867
325408,0.2287000690341078
349908,0.2280515704216445
375384,0.22895994531630817
401057,0.22934201113486422
426390,0.22823813298203147
454446,0.23285034094456922
483842,0.2319956102365983
513160,0.22741558878607615
540985,0.23101928603879046
567537,0.2265519173803231
597150,0.22660675366005345
626806,0.23581567237563997
655439,0.23632529214922096
687974,0.22996785997961283
722992,0.22653940040342813
755785,0.2259099752795667
790001,0.2314943351142806
831890,0.23544373934790366
873204,0.22991063951380725
907757,0.22877874717459049
938669,0.22892716275777372
971096,0.23061278231296328
1006305,0.23295524513187946
1036835,0.2286273513588132
1067774,0.2278399739074676
1096333,0.22742929785600874
1125782,0.23553135818616847
1155374,0.23512247027426603
1185959,0.22950115555538603
1216318,0.227360156459827
1248672,0.2269959720368352
1279270,0.23288133536354724
1311113,0.23558917469849286
1341708,0.23300412094642173
1373523,0.23139598743867723
1405005,0.22930803648329215
1435956,0.22916796555137223
1466960,0.2286201988005875
1499815,0.22836985926268807
1529818,0.22872689112745417
1561630,0.23222091582070778
1594224,0.23519459190304182
1627652,0.236576823780158
1661234,0.2361244244723826
1693696,0.23442449980074165
1725899,0.23148479836997968
1760139,0.23408713747109622
1792018,0.23429813793875431
1825600,0.23447099142920869
1858123,0.2327543774550411
1891502,0.23220303442514353
1924827,0.2326810637332277
1957604,0.23282232675818523
1989972,0.2320331611672832
2024426,0.232148794191932
2056716,0.23025277021560314
2091093,0.23244622140481727
2123933,0.2320260086090575
2156828,0.23151042837028843
2189057,0.2285170827528337
2221537,0.22870304926670185
2256173,0.2296960627670363
2288476,0.22974076625594692
2321932,0.22965016718508807
2354440,0.22873344763916106
2387251,0.22928717485513386
2419852,0.2311456479007778
2451606,0.2303451574260184
2491809,0.23106339348118227
2534032,0.23078563580341765
2565521,0.23311498559892005
2599590,0.23027720812287428
2630931,0.22885802136159197
2663820,0.22975805160499235
2695279,0.2336782495591938
2727686,0.23759844751339526
2760703,0.2378201768183919
2793128,0.23211839581947277
2824827,0.22807183600328398
2858528,0.23103478324827947
2890153,0.23430767468305524
2923138,0.2356934828392843
2954638,0.2315449990683793
2987117,0.22749486297307764
3019597,0.22653224784520243
3051251,0.22857132298604524
3083825,0.23340943257921132
3120141,0.2335691730462519
3154023,0.22945347183388135
3188137,0.22537591759871453
3219743,0.22850635391549515
3252190,0.2329212704803074
3285807,0.2332133332745234
3320358,0.23107173813244558
3355197,0.2278024229767827
3391789,0.2286494050800091
3425878,0.2326822558262653
3461481,0.23612919284453307
3493965,0.23578288981710552
3526414,0.2320254125625387
3558830,0.23037793998455286
3590699,0.23149969953294988
3622286,0.23192706488693535
3655835,0.23274901303637183
3687140,0.2304905927766076
3719962,0.22914173950454467
3752376,0.22905471671279867
3784830,0.23023906114567055
3817343,0.23104133975998636
3848982,0.2308482206878925
3880516,0.23262205512786568
3914190,0.23115518464507873
3945394,0.23338559071845896
3978236,0.2341366093321573
4009747,0.23433747700899565
4042163,0.23307803071475394
4074536,0.23261192233704595
4106158,0.23122194185518524
4137687,0.2300811088181864
4188329,0.23037436370544
4223399,0.23051681882343517
4259444,0.23170235534934466
4293508,0.23373427793196178
4326058,0.23304465210970068
4358749,0.2317339458148415
4390694,0.23165705581391524
4422343,0.2316171206971551
4455957,0.2328920642008858
4487235,0.2303517139377253
4520062,0.22870245322018304
4551627,0.2287209306622661
4584032,0.2303880727753726
4616428,0.2313792981361506
4648066,0.23206057930714838
4679612,0.23257794768547388
4713254,0.23124637976245638
4744433,0.2333581725785938
4777311,0.2359789891217934
4810554,0.23638489680110178
4843693,0.23488405166674275
4876022,0.23234966186877035
4908596,0.23247363954468245
4941347,0.23320379653022247
4973181,0.2326673546632951
5005569,0.23033323649564225
5040705,0.23111822976091262
5074579,0.23026826742509215
5143594,0.2342528384033249
5173331,0.23345592420767836
5203845,0.2297824895122635
5234415,0.23012462021405938
5264172,0.2294647967177387
5295233,0.23345413606812193
5329038,0.23387971328255097
5360753,0.23470106538546864
5394166,0.23460033352379006
5426557,0.23427071979888914
5459261,0.23299220001604556
5491939,0.23323419490268169
5524010,0.23251655489403664
5579853,0.23320200839066604
5613824,0.2327984848974329
5645308,0.23368182583830666
5678381,0.23416283537898486
5710943,0.2345443051510221
5743516,0.23504140794770811
5777815,0.23387852118951336
5809914,0.23427370003148318
5842528,0.23286106978190776
5876258,0.233634142116802
5907724,0.2329010048986679
5940816,0.23267748745411485
5973480,0.23152175325414578
6006057,0.23123922720423068
6038703,0.2296817576505849
6070536,0.23010137439982586
6103049,0.2305490053354508
6136824,0.23038986091492902
6168288,0.22991183160684486
6201270,0.22911730159727353
6233822,0.2296602999759078
6266326,0.2294135367171212
6298956,0.22986474393185902
6330807,0.2316540755813212
6363728,0.23307207024956586
6397691,0.2311456479007778
6429164,0.233590630720929
6462155,0.2334952632779197
6494638,0.23406567979641912
6527192,0.23481669841011743
6559794,0.23376706049049623
6591698,0.23301186955116623
6624291,0.23261311443008356
6658120,0.2328926602474046
6689521,0.2314079083690534
6722590,0.23115041627292826
6755141,0.22981646416383555
6787672,0.2302503860295279
6820263,0.230650929290167
6852287,0.22960963602180912
6884892,0.2282470736798136
6918636,0.22995474695619905
6950087,0.23117246999412416
6983053,0.23104730022517445
7015577,0.22838893275128994
7048212,0.22758069367178604
7080711,0.2309280909214128
7112519,0.23612978889105188
7145064,0.23702564680882057
7178875,0.23285332117716326
7218202,0.22571149178880356
7264675,0.23196282767806384
7297804,0.23416402747202247
7330550,0.2350467723663774
7363679,0.23177984139678973
7398226,0.22737803785539124
7436907,0.22958162183542513
7474582,0.23519220771696658
7506290,0.2330744544356411
7542467,0.2297759330005566
7578168,0.22994044183974766
7613096,0.19540133421436956
7646064,0.23689511262120158
7678326,0.2358472628411368
7711202,0.2311671055754549
7745252,0.2293336664836009
7777136,0.23397329258600386
7810525,0.23804131007686974
7843447,0.2367800756430716
7876343,0.2309268988283752
7909236,0.2278328213492419
7941462,0.23075404533792082
7974359,0.2350616735293476
8008345,0.23615482284484182
8040135,0.23144665139277595
8073446,0.22803190088652384
8106273,0.2288311992682456
8139263,0.23157778162691375
8172261,0.23205163860936626
8204442,0.23027363184376143
8237338,0.2284801278686676
8271556,0.22900941717736925
8303400,0.23154857534749215
8336945,0.23198607349229736
8370595,0.2297824895122635
8403285,0.22878470763977857
8436020,0.22983911393155027
8467916,0.23060384161518116
8500610,0.2313643969731804
8534477,0.22910180438778452
8566060,0.2283937011234404
8599095,0.22929551950639718
8633929,0.23154619116141692
8669367,0.23130956069345004
8704634,0.23004176974794505
8736778,0.22921922555198973
8770155,0.22999110579384635
8804600,0.23110630883053646
8836541,0.23146870511397186
8869944,0.23035707835639457
8902906,0.22958519811453798
8957555,0.23227157977480647
8991689,0.23344161909122696
9023970,0.23193481349167985
9056976,0.23115578069159753
9091100,0.2321499862849696
9122890,0.2312624730184642
9156008,0.2313274420890143
9188580,0.2297395741629093
9222194,0.2302784002159119
9257533,0.229892758118243
9292296,0.2314156569737979
9326474,0.23242178349754614
9360889,0.2339470665391763
9392541,0.23287358675880274
9425540,0.2326232472209033
9458088,0.23272695931517592
9490632,0.23198070907362808
9523913,0.23096921813121057
9558488,0.23067477115091933
9593723,0.23271921071043142
9630090,0.23525777283403548
9664244,0.2348286193404936
9700025,0.2304172790547942
9735297,0.22800567483969628
9770598,0.22981765625687317
9809418,0.23347678583583664
9842260,0.23329916397323178
9875030,0.23223820116975322
9906943,0.2306878841743331
9940906,0.2297395741629093
9977560,0.23362818165161392
10012306,0.23376646444397742
10047543,0.2322954216355588
10081477,0.23169579883763777
10114862,0.23097398650336104
10141409,0.23237231163648506
10166033,0.23046615486933647
10190347,0.23238125233426718
10216682,0.2300888574229309
10240664,0.2318215646531063
10266760,0.23015025021436814
10291189,0.23299756443471484
10316421,0.23259284884844408
10341881,0.23159268278988396
10366521,0.23054542905633796
10390817,0.23139062302000796
10417109,0.23016097905170668
10441138,0.23194733046857482
10466634,0.23249688535891597
10490888,0.23393037723664967
10535486,0.2323687353573722
10561636,0.2283638987975
10586094,0.23150685209117558
10610298,0.229687718115773
10636593,0.23403766561003514
10660601,0.23055317766108246
10686164,0.2323097267520102
10710370,0.22861781461451228
10735499,0.2318871297701752
10760561,0.2292901550877279
10785043,0.23344817560293385
10809261,0.2313429392985033
10840224,0.23300590908597815
10872262,0.2289116655482847
10905767,0.22889318810620166
10938003,0.23062351115030183
10971063,0.23162367720886198
11004191,0.23090424906066048
11036579,0.2298563992805957
11068712,0.22966268416198304
11102944,0.23085060487396775
11134946,0.23030939463488992
11168462,0.23020031812194802
11200663,0.22954407090474022
11233775,0.22919240345864336
11266861,0.2300447499805391
11299235,0.23060503370821878
11331498,0.23098173510810555
11366020,0.22979619858219608
11398172,0.23109081162104744
11431705,0.23136082069406755
11463898,0.2333158532757584
11497026,0.23264768512817444
11530087,0.232630399779129
11562470,0.23360851211649325
11594675,0.2342677395662951
11628857,0.23378911421169213
11660782,0.23401918816795209
11694100,0.2335763256044776
11725871,0.23268464001234054
11759034,0.23290338908474315
11793052,0.2326816597797465
11825614,0.23297074234136847
11857905,0.23308339513342322
11892274,0.2330827990869044
11924273,0.23100140464322622
11957884,0.23117246999412416
11990207,0.2318299093043696
12023322,0.23300352489990292
12056588,0.23169639488415658
12089137,0.22865178926608434
12138411,0.228714970197078
12176714,0.23344221513774577
12211591,0.23557427353552265
12246917,0.2733522979441044
12279180,0.23160043139462846
12312348,0.23095908534039084
12345677,0.23313703932011595
12378352,0.23548784679029547
12410679,0.23643079238305
12444947,0.2335310260690482
12476924,0.23197474860844
12510509,0.23275258931548468
12542704,0.23302617466761763
12575856,0.23418190886758672
12609087,0.23304226792362545
12641533,0.23128095046054725
12673720,0.2301031625393823
12708115,0.23292305861986382
12740058,0.232543376987383
12773602,0.23134830371717258
12805869,0.22901060927040687
12838973,0.22932949415796924
12872103,0.23103299510872305
12904530,0.23109379185364148
12936668,0.2303362167282363
12970874,0.2290922676434836
13002991,0.22995415090968024
13036492,0.23135366813584185
13068879,0.2305913246382862
13102018,0.22941234462408358
13135144,0.22906544555013722
13167543,0.23077848324519196
13199818,0.23096862208469177
13234023,0.22920372834250072
13266519,0.22907379020140053
13300634,0.22992494463025864
13332944,0.23103299510872305
13366550,0.2299583232353119
13399891,0.22907259810836292
13432364,0.2303076064953335
13464528,0.23237350372952267
13498771,0.23086610208345676
13530664,0.23265662582595656
13564236,0.23265424163988133
13596446,0.23421290328656474
13629468,0.23391488002716065
13662486,0.2326596060585506
13694948,0.2328419962933059
13727098,0.23445907049883252
13761223,0.235511092604529
13793423,0.23409190584324668
13863396,0.23314538397137927
13898678,0.2334815542079871
13934557,0.230911997665405
13968214,0.22940936439148954
14000663,0.22939803950763218
14032780,0.230141309516586
14067089,0.23021879556403108
14099100,0.23087921510687054
14132566,0.23036184672854504
14164720,0.2309268988283752
14197894,0.23126426115802062
14230916,0.23247960000987053
14263270,0.23335698048555617
14295503,0.2340048830515007
14329658,0.23455622608139826
14361999,0.2350253146917003
14395756,0.23227813628651336
14429878,0.23027780416939309
14463437,0.23253801256871373
14495971,0.2364886088953744
14529002,0.2369624658778269
14562126,0.23340347211402324
14594514,0.2308041132455007
14626680,0.23098769557329363
14660896,0.236079720983472
14692815,0.23595514726104108
14726232,0.23326220908906567
14758558,0.22915366043492083
14792728,0.22919299950516217
14825564,0.2357083840022545
14857580,0.23720565285750064
14889334,0.23130956069345004
14923273,0.22502246201306128
14954879,0.22607329202572013
14988341,0.2333075086244951
15020617,0.23665192564152784
15055844,0.2313286341820519
15088344,0.22514345945637934
15119110,0.22522273364338083
15149243,0.2315449990683793
15175792,0.23562314935006493
15199607,0.19593837212781573
15225006,0.23092332254926234
15248996,0.2256042034154181
15273942,0.22773387762711975
15299138,0.2277088436733298
15323624,0.23477378306076324
15348110,0.2338815014221074
15374626,0.2350110095752489
15398595,0.23065569766231747
15424222,0.23082378278062138
15466350,0.22927227369216366
15491466,0.23247125535860722
15516564,0.23261430652312118
15540976,0.2335983793256735
15565300,0.229165581365297
15591663,0.22956314439334208
15615704,0.22961082811484673
15641297,0.23328843513589323
15665490,0.23222806837893348
15690652,0.2732783881757722
15715872,0.22939684741459457
15740275,0.23152532953325863
15764482,0.22894981252548843
15790771,0.23254576117345824
15814779,0.23047688370667502
15840357,0.23347261351020498
15865593,0.23048165207882548
15898672,0.2310663737137763
15931843,0.23126604929757705
15964334,0.23315670885523662
15996537,0.2329302111780895
16030781,0.23203673744639605
16062772,0.2324694672190508
16096328,0.23475947794431185
16128539,0.23583772609683587
16161537,0.2341729681698046
16194686,0.23222806837893348
16227095,0.2320915737261264
16259370,0.23332837025265338
16294677,0.23594382237718373
16326775,0.2339250128179804
16360660,0.23299994862079007
16392992,0.23123147859948617
16426097,0.2326822558262653
16459038,0.23420575072833905
16491424,0.23287954722399082
16523625,0.23095074068912752
16557922,0.2317631520942631
16589837,0.23092272650274354
16623308,0.2311098851096493
16655435,0.2304315841712456
16688604,0.2307665623148158
16721702,0.2309137858049614
16754057,0.23002508044541842
16786312,0.2289331232229618
16820613,0.22961202020788435
16852536,0.2312052525526586
16885981,0.23213925744763106
16918129,0.22985520718755809
16951271,0.22852244717150297
16993770,0.232965973969218
17035084,0.23106816185333273
17067411,0.23072066673286756
17101664,0.22918942322604932
17133705,0.2289539848511201
17167152,0.22975268718632308
17199331,0.23076894650089103
17232389,0.23001077532896702
17265471,0.2297836816053011
17297804,0.23293080722460832
17330015,0.2351284307394541
17364631,0.23289742861955506
17396698,0.23182454488570034
17430248,0.23142757790417406
17462380,0.2336705009544493
17495354,0.23510697306477701
17528430,0.23467901166427274
17560758,0.2336854021174195
17593013,0.23161533255759867
17627287,0.2339178602597547
17659237,0.23332896629917219
17692776,0.23281159792084669
17724985,0.23234370140358226
17758185,0.23213985349414987
17792473,0.23220601465773757
17825816,0.2322000541925495
17858099,0.23212972070333013
17892389,0.2335024158361454
17924319,0.2319824972131845
17957916,0.23176136395470667
17990137,0.2305633104519022
18023199,0.23112120999350666
18056281,0.2312916792978858
18088646,0.23075762161703367
18120792,0.23022296788966273
18155093,0.22976043579106759
18187041,0.2307820595243048
18220517,0.23139658348519604
18252688,0.23098173510810555
18285748,0.2300602471900281
18318822,0.22939684741459457
18353576,0.23059609301043665
18393146,0.23298981582997033
18431225,0.23284438047938114
18463187,0.23321929373971148
18496588,0.23341420095136178
18528746,0.23385527537527984
18561728,0.23409488607584072
18594907,0.23372474118766084
18627363,0.23398998188853048
18659555,0.23256066233642844
18709710,0.2327180186173938
18742758,0.23299816048123365
18776088,0.23267689140759604
18808189,0.2324122467532452
18841220,0.23221376326248208
18874249,0.23165228744176478
18906513,0.23086371789738153
18938680,0.23039343719404187
18974202,0.23138049022918822
19007110,0.2314782418582728
19039458,0.2304899967300888
19072198,0.23041549091523778
19106241,0.23074748882621393
19138113,0.2303958213801171
19171444,0.2302211797501063
19204225,0.23026707533205454
19237222,0.23047867184623144
19270718,0.23082199464106495
19303691,0.2306294716154899
19336947,0.2307021892907845
19371354,0.23006382346914095
19403472,0.23052456742817967
19436929,0.23077729115215434
19469743,0.23063185580156514
19504011,0.23055734998671412
19539782,0.2302706516111674
19574730,0.22966268416198304
19608772,0.23248615652157742
19642960,0.23302498257458001
19674896,0.23298623955085748
19709908,0.23234012512446942
19745453,0.23258092791806792
19781129,0.23392143653886754
19815019,0.2316040076737413
19847385,0.23323955932135096
19880142,0.23297193443440609
19916323,0.233009485365091
19950999,0.23106816185333273
19987132,0.2298277890476929
20020265,0.230607417894294
20054456,0.23023071649440724
20089571,0.22965731974331377
20120361,0.2298558032340769
20152134,0.23056927091709029
20186863,0.23055854207975174
20812261,0.23348989885925042
20849275,0.23305061257488877
20884006,0.23084881673441132
20917022,0.23016753556341357
20950086,0.230125812307097
20982344,0.23085179696700536
21015146,0.23082855115277184
21049305,0.2305120504512847
21081114,0.2330100814116098
21114402,0.23320379653022247
21147268,0.23280086908350814
21180246,0.23289862071259268
21213127,0.23321571746059863
21245370,0.23391488002716065
21278210,0.2337795774673912
21312324,0.23344877164945266
21344357,0.23406091142426866
21377948,0.2342093270074519
21410711,0.23393872188791298
21443693,0.23288908396829175
21476597,0.2320921697726452
21508796,0.23247363954468245
21541697,0.2323895969855305
21575855,0.23270609768701764
21607747,0.23135426418236066
21641054,0.23134651557761615
21673910,0.23109856022579195
21707028,0.23130479232129958
21739953,0.23052337533514206
21772261,0.22997560858435734
21835980,0.23026767137857335
21870107,0.23084226022270443
21903829,0.2295577799746728
21939927,0.22991183160684486
21975532,0.23034158114690556
22008728,0.23255529791775917
22041689,0.2325064221032169
22074020,0.23130181208870554
22106916,0.23081245789676402
22140866,0.23131790534471336
22172705,0.23023906114567055
22206151,0.22989454625779943
22257327,0.23111167324920573
22291389,0.2307826555708236
22324527,0.23151698488199532
22357113,0.23069205649996477
22390619,0.23078027138474838
22425262,0.23175003907084932
22457564,0.23133399860072118
22491242,0.2315295018588903
22524558,0.23129287139092342
22557998,0.23095908534039084
22591278,0.23138943092697034
22623832,0.2311396874355897
22657107,0.2309567011543156
22691552,0.23135605232191708
22723676,0.23029806975103256
22757374,0.23123028650644856
22790684,0.2312398232507495
22823983,0.23112538231913832
22857359,0.23098411929418078
22889948,0.22983911393155027
22923166,0.23047032719496813
22957653,0.2315223493006646
22989835,0.22987666486223518
23023410,0.22959890718447057
23056690,0.2300375974223134
23090036,0.23000004649162847
23123479,0.22995534300271786
23156100,0.23039045696144783
23189328,0.23026230695990407
23223821,0.2303231037048225
23256039,0.23040535812441804
23289756,0.2303594625424698
23322968,0.23051503068387874
23356629,0.2300173318406739
23390102,0.2298206364894672
23422974,0.23017886044727093
23456281,0.23030581835577707
23490652,0.23108425510934055
23530390,0.23333850304347312
23577036,0.23279610071135767
23611771,0.23279252443224482
23647498,0.23424807003117443
23683162,0.23310723699417554
23715943,0.23041966324086943
23748858,0.23125889673935135
23783600,0.23048463231141952
23815704,0.2314794339513104
23848983,0.23103537929479828
23881971,0.23152592557977744
23914965,0.23279550466483886
23947956,0.23355904025543217
23980298,0.2337223570015856
24013327,0.23337247769504518
24047470,0.2327907362926884
24079369,0.23371520444335991
24112637,0.23415270258816512
24145535,0.23421469142612117
24178519,0.2339619677021465
24211397,0.23398819374897406
24243567,0.23266139419810702
24276435,0.23332658211309695
24310392,0.2324259558231778
24345515,0.23223581698367798
24380530,0.23323300280964407
24413766,0.23334982792733047
24446870,0.23348215025450592
24479362,0.2337575237461953
24512690,0.23351135653392752
24546938,0.23322227397230552
24579033,0.23414853026253346
24612618,0.23377063676960907
24645731,0.2337140123503223
24678960,0.23372593328069846
24712080,0.23408952165717145
24744546,0.2342456858450992
24777734,0.23381176397940684
24812040,0.2339613716556277
24844148,0.2326959648961979
24877716,0.23350122374310778
24910839,0.23349109095228804
24944000,0.2329945842021208
24977138,0.23203912163247128
25009656,0.23251774698707425
25043149,0.2329647818761804
25079713,0.23394289421354464
25111831,0.2335620204880262
25144013,0.23343983095167053
25175272,0.23243012814880945
25206390,0.23173871418699196
25258564,0.23240271000894427
25290133,0.23055436975412008
25322902,0.23013773323747316
25357848,0.23065569766231747
25390446,0.2300596511435093
25424453,0.23113432301692044
25457979,0.23128035441402844
25491538,0.23147406953264113
25525019,0.2316975869771942
25557854,0.2313709534848873
25591481,0.231437114648475
25626149,0.23211660767991635
25658624,0.23111226929572454
25692555,0.23213270093592417
25725981,0.2326226511743845
25759470,0.23242059140450852
25792993,0.23231449512416066
25825967,0.23190799139833349
25859457,0.23210409070302138
25894083,0.2326089421044519
25926504,0.23255649001079678
25960474,0.23280206117654575
25993957,0.2322662153561372
26027482,0.2324849644285398
26060964,0.23246767907949437
26093827,0.23277464303668058
26127323,0.23253920466175135
26161857,0.2337140123503223
26194354,0.2324110546602076
26228227,0.23314896025049212
26261709,0.23325863280995282
26295317,0.23378196165346643
26328741,0.23409548212235953
26361892,0.23363771839591485
26395651,0.23417058398372936
26430317,0.23355069560416886
26462690,0.23396673607429697
26496526,0.23373129769936773
26530102,0.23347082537064856
26563648,0.23353579444119865
26597114,0.2334666530450169
26629952,0.23346307676590405
26663404,0.2333951274627599
26698053,0.23302259838850478
26730474,0.23362460537250107
26764505,0.23322525420489956
26799064,0.23243608861399753
26832832,0.2315300979054091
26866236,0.23151340860288247
26899614,0.23268642815189697
26933144,0.2300900495159685
26990161,0.22980811951257224
27022594,0.23025396230864076
27056408,0.230110315097608
27089830,0.22890630112961544
27123312,0.2300316369571253
27156616,0.2299291169558903
27189463,0.2299881255612523
27222873,0.23012104393494653
27257709,0.22984567044325716
27290072,0.23022535207573797
27323866,0.23031773928615323
27357480,0.22972169276734505
27391102,0.23039105300796664
27424549,0.2305120504512847
27457287,0.23000660300333536
27490687,0.22997560858435734
27525171,0.2316099681389294
27557683,0.23035290603076292
27592186,0.2314228095320236
27625751,0.23105743301599418
27659229,0.23155453581268023
27692798,0.2323603907061089
27725548,0.23180308721102325
27758882,0.23157718558039495
27793516,0.23217621233179717
27825885,0.23129525557699865
27859690,0.23266973884937034
27893161,0.23284795675849398
27926569,0.2324259558231778
27959952,0.23214402581978152
27992773,0.23193362139864224
28026175,0.2323758879155979
28060722,0.23315015234352973
28093133,0.23216250326186458
28127010,0.23253682047567611
28160364,0.23289087210784817
28193939,0.23309889234291223
28227358,0.23283663187463663
28260077,0.23233595279883776
28294601,0.232120780005548
28329438,0.23449721747603625
28362410,0.23371997281551038
28396488,0.2339399139809506
28429915,0.23380759165377518
28463486,0.23395839142303365
28497001,0.23402157235402732
28529795,0.2343327086368452
28563188,0.23396554398125935
28597849,0.2334231416491439
28630186,0.23391309188760423
28664096,0.23376348421138338
28712442,0.2343255560786195
28746090,0.2346539777104828
28779518,0.23435833863715394
28812338,0.23364487095414055
28845753,0.23375275537404483
28880297,0.23381414816548207
28912675,0.2345162909646381
28946519,0.23436549119537964
28979695,0.23401740002839566
29012902,0.23420575072833905
29047444,0.23437622003271819
29082606,0.23374798700189436
29118433,0.2318078555831737
29155478,0.2296740090458404
29190237,0.2308470285948549
29229917,0.23263397605824185
29262896,0.2339118997945666
29295815,0.23411872793659305
29327978,0.23238602070641765
29363072,0.2324784079168329
29400052,0.2335530797902441
29434475,0.23318651118117703
29467786,0.22996070742138713
29499845,0.23099425208500052
29532977,0.23292425071290143
29568601,0.23299279606256437
29603587,0.23037436370544
29638307,0.22911789764379234
29675051,0.23001137137548583
29709517,0.23089292417680313
29745513,0.23277941140883104
29780905,0.231595663022478
29817154,0.23253443628960088
29851041,0.23146691697441543
29883292,0.2324414530326668
29915324,0.23305836117963327
29951075,0.23202958488817035
29985613,0.2307898081290493
30021668,0.23038211231018452
30054977,0.23119273557576364
30089458,0.22993448137455957
30123831,0.22894385206030035
30154118,0.22927167764564485
30182634,0.22980275509390297
30213124,0.23345354002160312
30242206,0.23293378745720236
30275384,0.23082974324580946
30309520,0.23138168232222583
30351131,0.23352625769689772
30398502,0.2328640500145018
30444790,0.23227515605391932
30480684,0.2327984848974329
30515461,0.23422959258909137
30550025,0.23297074234136847
30582904,0.2322733679143629
30615081,0.23257079512724818
30647102,0.23356976909277072
30680987,0.2338010351420683
30712788,0.23425641468243774
30746105,0.23403170514484706
30778020,0.2319604434919886
30810829,0.2324182072184333
30843706,0.23243549256747872
30875824,0.2314639367418214
30907746,0.22962692137085455
30941741,0.23035707835639457
30973477,0.22983553765243742
31006644,0.2302414453317458
31038653,0.23025873068079122
31071487,0.23001256346852345
31104261,0.2296889102088106
31136444,0.22997858881695138
31168494,0.22982600090813649
31202517,0.22920432438901953
31234350,0.23026647928553573
31267884,0.23031773928615323
31301112,0.23000541091029775
31334253,0.2306437767319413
31368101,0.23002210021282438
31400395,0.23084881673441132
31432469,0.23291292582904408
31466500,0.23254754931301466
31498620,0.23312929071537145
31532132,0.23269298466360386
31564088,0.2332347909492005
31596932,0.2338606397939491
31629786,0.2345019858481867
31661945,0.23261073024400833
31694020,0.2320987262843521
31728004,0.23235204605484558
31759782,0.23167434116296068
31793025,0.23164334674398265
31825087,0.23035409812380053
31858041,0.22943082206616663
31890850,0.22992077230462699
31923021,0.23043814068295249
31956245,0.2302789962624307
31990265,0.2299285209093715
32022014,0.23020747068017372
32055398,0.2304393327759901
32095089,0.23265841396551298
32138623,0.23039403324056068
32171447,0.23010197044634467
32203617,0.22967102881324636
32235755,0.22998276114258304
32269808,0.2298486506758512
32301527,0.23018124463334616
32334865,0.2301544225399998
32367461,0.23097458254987985
32400562,0.23155453581268023
32433532,0.23207190419100573
32465717,0.23293974792239044
32497734,0.23343565862603888
32531784,0.23312213815714575
32563618,0.23410382677362285
32596890,0.23419382979796288
32628953,0.23303451931888094
32661909,0.23230495837985973
32694882,0.23260536582533906
32727092,0.232207802797294
32759125,0.23135903255451112
32794185,0.2316171206971551
32826213,0.2311903513896884
32859596,0.23124339952986234
32891691,0.22984030602458788
32924603,0.23039284114752306
32957466,0.23023846509915175
32989671,0.23038270835670333
33021687,0.23010554672545752
33055728,0.230445889287697
33087480,0.22950353974146126
33120736,0.22945227974084373
33152744,0.22946777695033274
33185680,0.22971930858126982
33218577,0.2303016460301454
33250848,0.23102405441094093
33282934,0.2329439202480221
33316875,0.23237052349692863
33348916,0.23301961815591074
33382451,0.23324075141438858
33414440,0.23380341932814352
33447370,0.23391368793412304
33480241,0.2337944786303614
33512403,0.2327186146639126
33544402,0.23298623955085748
33578504,0.2333659211833383
33610321,0.23186209581638526
33643652,0.23161175627848582
33675709,0.230563906498421
33708610,0.2303087985883711
33741411,0.2304238355665011
33791715,0.22948088997374652
33824213,0.2298993146299499
33858258,0.23010852695805156
33890024,0.23073199161672492
33923275,0.2304691351019305
33955222,0.23003223300364412
33988110,0.2296513592781257
34025166,0.23000302672422251
34057445,0.23039164905448545
34091058,0.22984388230370073
34122410,0.23021104695928657
34155283,0.23042323951998228
34187595,0.22979500648915846
34220114,0.22966566439457708
34252548,0.22959890718447057
34285057,0.23097994696854912
34317687,0.2312398232507495
34351505,0.23114862813337184
34383163,0.23269775303575432
34416026,0.23254695326649585
34448383,0.2334159890909182
34480942,0.2341079990992545
34513407,0.23457947189563177
34545181,0.23294928466669138
34577407,0.23164930720917074
34610956,0.2322298565184899
34642376,0.23093107115400685
34675262,0.23010137439982586
34707466,0.2301687276564512
34739997,0.2301049506789387
34772503,0.23014488579569886
34804262,0.2295643364863797
34836529,0.22964718695249403
34870071,0.22935750834435323
34901413,0.2304750955671186
34934273,0.231073526272002
34966492,0.2332055846697789
34998990,0.23330512443841986
35031518,0.2333152572292396
35063752,0.23334029118302954
35099457,0.23358824653485377
35133899,0.23273351582688281
35166345,0.23269298466360386
35193317,0.23243132024184707
35218005,0.2293485676465711
35242928,0.2328414002467871
35267840,0.2299440181188605
35291986,0.23339155118364704
35316798,0.23016038300518787
35368864,0.22990110276950632
35392708,0.2328342476885614
35418035,0.22959056253320725
35442858,0.23247244745164483
35467818,0.22950890416013053
35492590,0.23290279303822434
35516731,0.23035648230987577
35541564,0.2731103030574683
35567646,0.2300310409106065
35591403,0.23351195258044632
35616735,0.2296954667205175
35641578,0.23307266629608467
35666605,0.22999766230555324
35691443,0.23389759467811522
35715620,0.2301979339358728
35740429,0.23342135350958748
35766452,0.22982361672206125
35791054,0.232689408384491
35816571,0.22997560858435734
35841472,0.23388448165470144
35866508,0.23034634951905603
35894571,0.23346784513805452
35926727,0.23077669510563553
35959530,0.2304017818453052
35993585,0.23128989115832937
36025316,0.23021760347099346
36058542,0.22978725788441395
36091618,0.2294993674158296
36124485,0.22992434858373983
36157227,0.23052456742817967
36189421,0.23038449649625975
36222189,0.22986951230400948
36256396,0.2300536906783212
36288176,0.229355124158278
36321421,0.2294582402060318
36354411,0.22974851486069142
36387454,0.22923651090103517
36420306,0.22943737857787352
36452432,0.2304321802177644
36485232,0.23056450254493982
36518913,0.22981527207079794
36550279,0.23259523303451932
36583207,0.23296895420181205
36615702,0.23360851211649325
36648179,0.23366632862881764
36680644,0.23374441072278151
36712456,0.23196580791065788
36744924,0.23252668768485638
36786443,0.22996189951442475
36839722,0.22967818137147206
36875272,0.2303952253335983
36909785,0.23027005556464858
36942354,0.2298635518388214
36974877,0.2300524985852836
37006676,0.23014190556310482
37039073,0.23015144230740575
37072654,0.2306282795224523
37104039,0.2298045432334594
37136818,0.2293771778794739
37169228,0.22991183160684486
37201698,0.23084583650181728
37234223,0.23252668768485638
37265975,0.23341956537003106
37299392,0.23281577024647834
37333155,0.2327984848974329
37365106,0.23340943257921132
37398120,0.23379865095599306
37430641,0.23432853631121353
37463178,0.23288669978221652
37495714,0.23275139722244706
37527489,0.23159268278988396
37559888,0.2309632576660225
37593524,0.23143949883455023
37624930,0.23053112393988656
37657851,0.230212835098843
37690282,0.23015263440044337
37722767,0.22997858881695138
37755224,0.22956910485853016
37786979,0.22976043579106759
37819380,0.23013177277228508
37852996,0.22961261625440316
37884326,0.2319896497714102
37917142,0.2330822030403856
37949490,0.23343983095167053
37981968,0.23350718420829586
38014441,0.23387017653825004
38046151,0.23219767000647426
38078552,0.23276570233889846
38112215,0.23294749652713495
38143580,0.23118141069190629
38176479,0.2308184183619521
38208841,0.22981527207079794
38243901,0.23038509254277856
38278931,0.23125770464631373
38313307,0.23186149976986645
38345877,0.2327114621056869
38379752,0.23277047071104892
38411093,0.2320766725631562
38446504,0.23159029860380873
38490891,0.22977354881448137
38540175,0.22973540183727764
38579388,0.23112776650521355
38614421,0.2324402609396292
38648670,0.2334809581614683
38680552,0.2343774121257558
38713806,0.2343339007298828
38748363,0.23221316721596327
38784612,0.2332854549032992
38820786,0.23061874277815136
38853105,0.23016097905170668
38885202,0.23099663627107575
38919283,0.2300101792824482
38953687,0.23089352022332194
38989651,0.2295363222999957
39024084,0.22995951532834952
39056984,0.23036899928677074
39089851,0.23003640532927577
39122141,0.22940876834497073
39154101,0.22964182253382476
39188095,0.22973659393031526
39219791,0.2296453988129376
39253053,0.22959890718447057
39285072,0.23090365301414167
39317898,0.23234787372921392
39353725,0.23225012210012938
39388782,0.22960486764965865
39423259,0.22976043579106759
39457373,0.2304673469623741
39489621,0.23045065765984746
39523188,0.23024382951782102
39555474,0.22917452206307912
39588787,0.22925021997096776
39622000,0.22939803950763218
39654534,0.2297026192787432
39686888,0.22984745858281358
39721153,0.2296150004404784
39753198,0.23006501556217857
39786825,0.229616192533516
39819180,0.23028495672761878
39852406,0.23067477115091933
39885582,0.23061159021992567
39918046,0.23232701210105564
39950364,0.23266199024462583
39984754,0.23250880628929213
40016816,0.2330309430397681
40050639,0.2328193465255912
40084191,0.2327680865249737
40118956,0.22973063346512718
40149374,0.23033323649564225
40178029,0.23389759467811522
40227064,0.2322519102396858
40261064,0.2313727416244437
40294026,0.2293908869494065
40327671,0.23157241720824448
40360000,0.2307826555708236
40393090,0.23034277323994318
40425968,0.2294349943917983
40458141,0.22980096695434654
40490178,0.23037436370544
40524191,0.23003640532927577
40558628,0.22996785997961283
40594662,0.22994521021189812
40629394,0.2308398760366292
40665011,0.23252370745226233
40700581,0.23379149839776736
40735437,0.23309412397076176
40770037,0.23248854070765265
40806875,0.22937598578643628
40840631,0.22984567044325716
40873936,0.2305114544047659
40905940,0.2299648797470188
40939440,0.22891345368784113
40975028,0.2299225604441834
41009862,0.23039045696144783
41044518,0.2301031625393823
41081272,0.23230793861245377
41115650,0.23235204605484558
41151539,0.23339035909060943
41186264,0.23314598001789807
41221776,0.22997501253783853
41257369,0.22901835787515137
41292225,0.2301764762611957
41326883,0.23030522230925826
41364294,0.2329945842021208
41399229,0.23237648396211671
41435494,0.2331263104827774
41467631,0.23307326234260348
41516237,0.2332866469963368
41549487,0.23374679490885675
41584382,0.23368778630349474
41618987,0.23300471699294054
41655545,0.2297896420704892
41689903,0.2291578327605525
41725769,0.23053827649811226
41760403,0.23070576556989736
41797331,0.2308768309207953
41833089,0.23337724606719565
41865393,0.23326638141469733
41897402,0.23406269956382508
41931308,0.2344864886386977
41973428,0.2295208250905067
42038244,0.23053827649811226
42072892,0.22991719602551414
42108461,0.23032667998393536
42143874,0.22989871858343108
42178803,0.23018005254030854
42213526,0.2319318332590858
42250237,0.23433211259032638
42284601,0.23334744374125524
42320526,0.23161473651107986
42355383,0.2302933013788821
42391262,0.22956910485853016
42426896,0.2301323688188039
42461000,0.2294433390430616
42493010,0.229557183928154
42526969,0.23112836255173236
42559319,0.23018720509853424
42595376,0.23108306301630294
42630047,0.23125949278587016
42664817,0.23210051442390853
42697746,0.2339476625856951
42729875,0.23226383117006197
42762427,0.23233535675231895
42799249,0.23272755536169473
42833672,0.23385885165439269
42869568,0.23281577024647834
42904295,0.23114743604033422
42939833,0.22960963602180912
42975474,0.23031356696052158
43010357,0.2300739562599607
43044985,0.22994640230493574
43081640,0.23291054164296884
43116146,0.23293915187587164
43152019,0.23287477885184035
43186630,0.23298504745781987
43222223,0.2301919734706847
43257786,0.22945406788040015
43293502,0.23024442556433983
43328491,0.22949519509019795
43365541,0.2338666002591372
43397630,0.23381832049111373
43431027,0.23386362002654315
43463084,0.23231270698460424
43498033,0.2341294567739316
43529665,0.2329355755967588
43561129,0.2313363827867964
43597192,0.23160758395285416
43631024,0.2320260086090575
43666107,0.23329677978715654
43697622,0.2340936939828031
43729943,0.23253443628960088
43762252,0.23202958488817035
43814667,0.23217740442483478
43848789,0.23261430652312118
43884952,0.2339393179344318
43918825,0.23289742861955506
43954055,0.23081424603632045
43988557,0.2302724397507238
44024113,0.2304673469623741
44059535,0.23091855417711188
44091693,0.22978010532618826
44123469,0.2295863902075756
44157099,0.23048403626490072
44188666,0.23047211533452455
44221705,0.2296823536971037
44253430,0.22950175160190484
44286038,0.23029210928584448
44318655,0.2322876730308143
44350733,0.23344221513774577
44382656,0.23336413304378187
44416537,0.23294690048061614
44448224,0.23395719932999604
44481297,0.2341795246815115
44513131,0.2328276911768545
44545763,0.2318948783749197
44578406,0.23111465348179977
44610456,0.23041310672916254
44642205,0.23024859788997148
44675868,0.22991242765336367
44707444,0.2297318255581648
44740401,0.22981765625687317
44772168,0.2298558032340769
44805927,0.2289027248505026
44838729,0.22940042369370742
44870773,0.22875907763946982
44902597,0.23050728207913423
44936271,0.23079815278031263
44967740,0.23309472001728057
45001065,0.23249569326587835
45032832,0.2330011407138277
45066161,0.2339405100274694
45100046,0.234115747703999
45136414,0.22932472578581878
45168739,0.23152592557977744
45195007,0.2324343004744411
45218410,0.23047747975319383
45243318,0.27325156608242585
45266917,0.23022296788966273
45291433,0.23353043002252938
45315917,0.22789600228023557
45339934,0.23167970558162995
45363758,0.2292830025295022
45397332,0.2298277890476929
45431037,0.2296382462547119
45455938,0.23217382814572193
45479533,0.22998514532865827
45504035,0.23007991672514877
45528532,0.23164394279050146
45552306,0.2294719492759644
45575871,0.23320737280933532
45601487,0.23018720509853424
45625114,0.23434701375329658
45650049,0.22961082811484673
45673620,0.23099544417803813
45698132,0.2280360732121555
45722627,0.23211481954035992
45746439,0.2311969079013953
45769982,0.23031177882096515
45795647,0.2311176337143938
45819141,0.22889139996664523
45844060,0.23149731534687465
45867672,0.22931340090196142
45897314,0.23402336049358374
45929587,0.2337283174667737
45961250,0.23101332557360238
45992665,0.22888305531538192
46026450,0.2291012083412657
46057735,0.23105445278340014
46091426,0.23123028650644856
46125500,0.2298999106764687
46160586,0.22876384601162028
46194419,0.22924843183141133
46226045,0.2309775627824739
46257482,0.23126485720453943
46291428,0.22983672974547503
46323130,0.22895577299067651
46356125,0.22916975369092865
46387737,0.2303302562630482
46420059,0.23049476510223926
46452387,0.22978189346574468
46484066,0.23181679628095583
46518128,0.23363235397724558
46554235,0.2320117034926061
46587880,0.22996249556094356
46620634,0.2287572894999134
46652108,0.2313274420890143
46684452,0.23356738490669549
46719355,0.23297729885307536
46753696,0.23192050837522846
46787580,0.23044290905510295
46821381,0.2300972020741942
46852984,0.23088696371161505
46885914,0.23011985184190892
46925532,0.2292466436918549
46968551,0.23275914582719157
47002865,0.23323240676312526
47037731,0.2308100737106888
47072401,0.22946658485729512
47107110,0.23013177277228508
47138712,0.23024502161085864
47171677,0.22964837904553165
47203419,0.23000362277074132
47236030,0.23037138347284597
47268637,0.23213687326155583
47300487,0.23329618374063774
47332214,0.23373487397848058
47366488,0.2331269065292962
47398146,0.23401441979580162
47431296,0.23416760375113532
47463119,0.2327913323392072
47495754,0.23191872023567203
47528370,0.23111346138876215
47560341,0.23015621067955622
47592019,0.23024740579693387
47625812,0.22989871858343108
47657418,0.22994759439797335
47690508,0.22997084021220687
47722220,0.22999229788688397
47755008,0.22955420369555996
47788035,0.22905948508494914
47820700,0.2292025362494631
47852639,0.2306878841743331
47886347,0.2307957685942374
47918155,0.23288371954962248
47951165,0.23251953512663068
47982893,0.2328932562939234
48016696,0.23324492374002023
48048887,0.2339554111904396
48080739,0.23310962118025078
48114597,0.23361804886079418
48146337,0.23246827512601317
48179424,0.2322727718678441
48211309,0.2311378992960333
48244197,0.2307528532448832
48276866,0.22976043579106759
48308899,0.23005726695743406
48341058,0.23051681882343517
48375239,0.2300375974223134
48406938,0.22987308858312233
48440132,0.22992673276981507
48472136,0.229833749512881
48504933,0.22922220578458377
48537634,0.22935035578612753
48569879,0.2301472699817741
48609750,0.22994938253752978
48653781,0.2299148118394389
48685456,0.23141148464816624
48721086,0.23150446790510035
48755915,0.2297330176512024
48791575,0.2300966060276754
48824469,0.2304035699848616
48856625,0.23000779509637298
48888522,0.22952916974177
48922619,0.22923531880799755
48954353,0.22933962694878898
48987443,0.22962692137085455
49019353,0.23064675696453535
49052223,0.2314442672067007
49085023,0.23211839581947277
49117226,0.23256781489465414
49149187,0.23326340118210329
49183088,0.23320260443718485
49214810,0.2336049358373804
49248132,0.23390713142241615
49280213,0.23209336186568283
49314229,0.2316612281395469
49347434,0.2320188560508318
49379648,0.2324694672190508
49411578,0.2311307467378076
49445553,0.23172500511705937
49477283,0.23028495672761878
49510372,0.22988858579261134
49542271,0.22972109672082625
49575107,0.23009362579508136
49607855,0.2298563992805957
49639859,0.22970440741829962
49671779,0.22957029695156778
49705802,0.22919180741212455
49737373,0.2294647967177387
49770631,0.22926392904090034
49802415,0.230445889287697
49835171,0.2323234358219428
49867938,0.23277106675756773
49899894,0.23296299373662396
49931804,0.23343267839344484
49965763,0.2333510200203681
49997322,0.23275616559459752
50030409,0.23205283070240387
50065395,0.2315014876725063
50099020,0.23339691560231632
50131943,0.2322739639608817
50162960,0.23220541861121877
50192921,0.23094418417742063
50221562,0.22941770904275285
50245421,0.23179474255975993
50290356,0.23175838372211263
50314495,0.22915306438840202
50341580,0.23211720372643516
50366499,0.22960963602180912
50390635,0.23154976744052977
50414568,0.22872629508093537
50440543,0.23149910348643107
50464292,0.22930088392506645
50489428,0.23208680535397594
50513367,0.23005667091091525
50538370,0.23056927091709029
50563207,0.22972765323253314
50587326,0.23007991672514877
50611211,0.2325141707079614
50637235,0.2300530946318024
50661015,0.23278775606009436
50686189,0.22949400299716033
50710057,0.232993988155602
50734867,0.22984447835021954
50759636,0.23304703629577592
50784036,0.22997680067739495
50808738,0.23362281723294465
50834616,0.22998156904954542
50858099,0.23350003165007016
50883065,0.22977712509359421
50906727,0.23208561326093832
50937544,0.22907677043399458
50970270,0.22990169881602512
51002237,0.2309352434796385
51034087,0.2327406683851085
51067941,0.23271503838479976
51099561,0.23339870374187277
51132722,0.23310306466854389
51164513,0.23342791002129437
51197186,0.23242774396273422
51229860,0.23290279303822434
51261978,0.23188534163061877
51293806,0.23030403021622065
51328221,0.23083033929232827
51360396,0.2307737148730415
51393889,0.23099663627107575
51425801,0.22989693044387466
51458652,0.22963884230123072
51491443,0.22999170184036516
51523508,0.23023965719218936
51555359,0.22990348695558155
51589285,0.22911730159727353
51620964,0.22910359252734094
51654314,0.2293628727630225
51686232,0.23057403928924075
51718963,0.23093345534008208
51769942,0.22990110276950632
51802239,0.23099782836411337
51834472,0.2331048528081003
51871294,0.2306288755689711
51905839,0.2293628727630225
51940882,0.2301329648653227
51972931,0.22971394416260055
52005715,0.2292675053200132
52038421,0.2295720850911242
52070539,0.22934320322790183
52102329,0.23095193278216514
52136145,0.23040893440353089
52167763,0.23239198117160573
52201024,0.2324193993114709
52233019,0.23315909304131185
52265784,0.2337938825838426
52300335,0.23414078165778895
52332540,0.23302498257458001
52364799,0.23351612490607798
52398764,0.23354294699942435
52439598,0.23025873068079122
52475938,0.22983255741984338
52507746,0.22988918183913015
52541697,0.22993269323500315
52575722,0.23000004649162847
52607860,0.23031833533267204
52641970,0.22950055950886722
52673966,0.22992613672329626
52707211,0.23019018533112828
52739372,0.22950353974146126
52772399,0.2292019402029443
52805372,0.22916200508618415
52837731,0.2289116655482847
52869949,0.23020389440106087
52904099,0.22951963299746908
52935967,0.2304899967300888
52969384,0.23021045091276776
53001642,0.23245158582348655
53034665,0.23289504443347983
53067633,0.2329880276904139
53099960,0.23294213210846568
53132079,0.2334374467655953
53166196,0.2331322709479655
53198094,0.2338379900262344
53231508,0.23416760375113532
53263656,0.2322304525650087
53296741,0.2318001069784292
53329685,0.23235979465959009
53362525,0.2322083988438128
53394965,0.23155453581268023
53437718,0.22924485555229848
53479763,0.23229482558904
53513228,0.23215177442452603
53545581,0.23216250326186458
53581557,0.2331191579245517
53617323,0.23349943560355135
53651687,0.23265602977943775
53683953,0.23286941443317108
53718101,0.23285332117716326
53750026,0.2326166907091964
53783726,0.23224535372797891
53817823,0.23197713279451523
53850973,0.23271265419872453
53884049,0.2326953688496791
53916326,0.2327472248968154
53948470,0.23300412094642173
53982616,0.2330464402492571
54014446,0.23394527839961987
54048046,0.23402455258662136
54080223,0.2316910304654873
54113234,0.23143592255543738
54146157,0.2321714439596467
54178540,0.2319884576783726
54210679,0.23115160836596588
54244845,0.23128810301877295
54276801,0.22970619555785604
54310193,0.23010077835330706
54342493,0.22986653207141544
54375536,0.22988977788564896
54408387,0.22955241555600353
54440363,0.22971990462778863
54472195,0.22890570508309663
54506021,0.22998633742169589
54537648,0.22928777090165267
54570743,0.22887947903626907
54602597,0.22970202323222438
54635359,0.23031237486748396
54667993,0.23166718860473498
54700106,0.23274364861770255
54731863,0.2331483642039733
54765950,0.2329361716432776
54797626,0.23364546700065936
54830825,0.23388388560818263
54862698,0.23235681442699604
54895461,0.23179414651324112
54928112,0.23151758092851413
54960250,0.23070695766293497
54992178,0.22980931160560986
55025934,0.22923293462192232
55057685,0.2296310936964862
55092027,0.22833886484371005
55134414,0.23159745116203442
55175675,0.23052218324210444
55206761,0.22953930253258975
55236672,0.22843125205412532
55268619,0.2308106697572076
55303272,0.22973420974424003
55335145,0.2309352434796385
55368859,0.23051801091647278
55400816,0.23262741954653496
55433590,0.23263993652342993
55466327,0.232906965363856
55498383,0.2335614244415074
55530268,0.23291948234075097
55564089,0.23365977211711075
55595694,0.23251774698707425
55628817,0.23247244745164483
55660620,0.23109379185364148
55693332,0.23069026836040835
55726028,0.2294129406706024
55758060,0.2297914302100456
55789865,0.23021700742447465
55823673,0.23015323044696218
55855322,0.2291226660159428
55888446,0.22879186019800427
55920362,0.22898021089794765
55953085,0.22965433951071973
55985788,0.23027005556464858
56017808,0.23186269186290406
56049672,0.23269954117531075
56083573,0.2327251711756195
56115179,0.23352268141778487
56148250,0.23339810769535393
56180024,0.23239853768331262
56212759,0.23188414953758116
56245374,0.2324474134978549
56277360,0.23135366813584185
56309189,0.2294802939272277
56343149,0.23005130649224598
56375042,0.229442146950024
56408610,0.22977772114011302
56440861,0.23028078440198713
56473978,0.23018064858682735
56507183,0.2297616278841052
56539614,0.22973122951164598
56571803,0.2293330704370821
56606048,0.2301115071906456
56637705,0.22960009927750819
56671658,0.2290207420612266
56706225,0.22977235672144375
56741653,0.23030641440229588
56776085,0.22998454928213946
56828881,0.23199501419007948
56861270,0.23158374209210184
56895054,0.2323901930320493
56926690,0.23113015069128878
56959854,0.230824974873659
56991645,0.22964063044078714
57024419,0.22963526602211787
57057037,0.2300167357941551
57089018,0.23000421881726013
57120815,0.2295506274164471
57154625,0.22913160671372493
57186305,0.22937360160036105
57219456,0.22967818137147206
57251253,0.23149671930035584
57285201,0.23030224207666422
57317434,0.23237290768300387
57349799,0.23255410582472155
57385579,0.23275258931548468
57420280,0.23120584859917742
57456392,0.22920730462161357
57489442,0.2295357262534769
57522663,0.22997858881695138
57555700,0.23007157207388546
57587930,0.22932055346018712
57620002,0.22925081601748656
57654015,0.22901060927040687
57685790,0.23009541393463778
57719138,0.22997143625872568
57751117,0.23121478929695954
57785283,0.23246887117253198
57820900,0.23027303579724262
57855729,0.2292967115994348
57888942,0.22897484647927838
57923060,0.2298128878847227
57954864,0.22898736345617335
57989679,0.22911908973682996
58024468,0.22994878649101097
58060123,0.22961142416136554
58094012,0.2307594097565901
58126284,0.23057165510316552
58158247,0.22966566439457708
58194070,0.22922697415673424
58228961,0.23091616999103665
58265606,0.23262563140697853
58299566,0.23329558769411893
58332106,0.23339751164883513
58366512,0.23250284582410405
58398488,0.23295524513187946
58431758,0.23306253350526493
58463767,0.23386123584046792
58496656,0.23311260141284482
58537228,0.22873940810434915
58580296,0.23341062467224893
58615221,0.2326661625702575
58651910,0.2327978888509141
58686014,0.23120644464569623
58719289,0.22889795647835212
58751264,0.2305853641730981
58784196,0.23211720372643516
58817007,0.23276391419934203
58849181,0.2321714439596467
58881143,0.23273590001295805
58915059,0.23302736676065525
58946862,0.23407402444768244
58980052,0.2335971872326359
59012072,0.23195746325939456
59044923,0.2316749372094795
59077668,0.23190739535181468
59109812,0.2308112658037264
59141797,0.22945883625255062
59175748,0.2294570481129942
59207500,0.22952976578828882
59240718,0.22994103788626646
59272654,0.2297103678834877
59305547,0.22944393508958041
59338517,0.22897901880491003
59370956,0.22930088392506645
59403031,0.22930267206462288
59437040,0.228655961591716
59468757,0.22968473788317895
59501939,0.2299803769565078
59534037,0.23168030162814876
59566893,0.23242535977665899
59599663,0.23239198117160573
59631804,0.23326340118210329
59663770,0.23338439862542135
59697763,0.23321690955363625
59729508,0.2323180714032735
59762742,0.23227932837955098
59795126,0.23203852558595248
59828767,0.23221078302988804
59861897,0.2320319690742456
59894471,0.23138823883393272
59926892,0.23096027743342845
59960949,0.2320409097720277
59993259,0.23045602207851673
60029306,0.23091497789799903
60064021,0.23269238861708505
60100112,0.2333659211833383
60134718,0.22987428067615995
60167564,0.23147704976523517
60197631,0.2333158532757584
60240336,0.23324730792609547
60265358,0.22829535344783705
60290847,0.23313048280840906
60315042,0.2285617862417443
60340374,0.2336478511867346
60365639,0.23017289998208285
60390025,0.233258036763434
60414211,0.22886338578026125
60440476,0.2334368507190765
60464395,0.22895040857200724
60489710,0.23275020512940944
60513909,0.2292317425288847
60539020,0.23216727163401504
60564009,0.22855224949744338
60588363,0.23031237486748396
60612633,0.2283722434487633
60638886,0.23407640863375767
60662806,0.2331477681574545
60688283,0.23495021283033046
60712463,0.22850873810157038
60737653,0.22797408437419944
60762719,0.22613945318930784
60787049,0.22951069229968696
60811214,0.2319956102365983
60837415,0.23393693374835656
60861316,0.2317625560477443
60886628,0.22868278368506237
60916741,0.2281540904228795
60949682,0.23250284582410405
60982463,0.23642542796438074
61016437,0.23571434446744258
61051157,0.22919717183079383
61087748,0.22532465759809703
61122222,0.23029926184407018
61158105,0.23423614910079826
61192688,0.23046257859022362
61228324,0.22553923434486797
61263881,0.22949161881108507
61299257,0.2360725684252463
61332023,0.23670199354910773
61366608,0.23179116628064708
61398534,0.22901656973559495
61431845,0.23092213045622473
61463955,0.23587229679492674
61496774,0.23696604215693975
61529586,0.23307922280779156
61561755,0.2297109639300065
61593758,0.22938731067029364
61627675,0.2330458442027383
61659408,0.2325576821038344
61692662,0.23066761859269364
61742527,0.22839489321647802
61776425,0.23012044788842773
61809636,0.2315950669759592
61854777,0.22958996648668845
61891047,0.22835376600668025
61925079,0.22846105438006573
61960617,0.2292901550877279
61995541,0.23178162953634615
62030704,0.23228230861214502
62065945,0.23288729582873532
62100394,0.23279252443224482
62135379,0.2325934448949629
62171680,0.22919836392383144
62205734,0.22842886786805008
62238691,0.22875252112776293
62270961,0.2283782039139514
62303446,0.22921803345895211
62338700,0.22859337670724114
62373506,0.22825064995892644
62408487,0.22913160671372493
62442256,0.23031893137919085
62473620,0.22975149509328546
62506428,0.22948983067152864
62541397,0.2291155134577171
62576617,0.22904816020109178
62611783,0.2308613337113063
62646270,0.23180308721102325
62681214,0.23218753721565452
62717495,0.23243966489311038
62751532,0.23265543373291894
62787203,0.22983851788503146
62822513,0.22884669647773462
62855547,0.2292388950871104
62888407,0.22927883020387055
62920529,0.22915425648143964
62953161,0.22842827182153128
62987091,0.22876980647680836
63018822,0.2292382990405916
63052119,0.22950115555538603
63084677,0.22964063044078714
63117566,0.2301115071906456
63150382,0.23163500209271934
63182458,0.23259940536015097
63215086,0.2332651893216597
63249174,0.2319813051201469
63280942,0.2328855076891789
63314250,0.23322525420489956
63350742,0.23389342235248356
63383782,0.23165049930220835
63416625,0.2323472776826951
63448828,0.23238602070641765
63501062,0.22983911393155027
63537573,0.22932174555322474
63581562,0.2333587686251126
63620088,0.22978189346574468
63653002,0.22737386552975958
63685844,0.22700610482765493
63718654,0.22900286066566236
63750746,0.2324706593120884
63783536,0.23444416933586232
63817419,0.23020329835454206
63849111,0.2302938974254009
63882281,0.23113432301692044
63915103,0.2339321653762061
63947966,0.23525419655492263
63980771,0.23363950653547128
64012848,0.23090842138629214
64045596,0.2302784002159119
64079475,0.23368897839653235
64111064,0.23368361397786308
64144605,0.23220601465773757
64177394,0.22979917881479012
64210166,0.2296448027664188
64243047,0.23123505487859902
64275099,0.2302205837035875
64311445,0.22797229623464302
64345578,0.230650929290167
64377097,0.23080172905942548
64410094,0.2317929544202035
64442853,0.2314865865095361
64475403,0.2298707043970471
64507946,0.22767427297523893
64542267,0.22849026065948733
64577490,0.23025515440167837
64614068,0.23254039675478896
64645715,0.23215535070363888
64678591,0.2312404192972683
64711005,0.23216727163401504
64743522,0.23208501721441951
64776055,0.2308917320837655
64807766,0.22897425043275957
64842794,0.22877695903503406
64879304,0.23183944604867054
64913312,0.2328133860604031
64946415,0.233969716306891
64978941,0.23230495837985973
65011389,0.23190024279358898
65046573,0.23224177744886607
65081990,0.232965973969218
65118938,0.23240747838109474
65154517,0.22765519948663707
65195870,0.2316040076737413
65236726,0.23107054603940796
65261467,0.2296382462547119
65286177,0.2299511706770862
65310779,0.22973718997683407
65334744,0.2287513290347253
65359841,0.23240747838109474
65385790,0.23031952742570966
65409372,0.23233356861276253
65434444,0.22878589973281618
65459143,0.23210945512169065
65483868,0.22901895392167018
65508589,0.23257437140636103
65532636,0.22952380532310074
65557343,0.23325505653083997
65997614,0.23268285187278412
66031660,0.23373070165284893
66066535,0.2324927130332843
66099029,0.23226323512354316
66131532,0.23275735768763514
66164019,0.2331483642039733
66195863,0.2335608283949886
66228283,0.2316099681389294
66261909,0.23227038768176886
66293295,0.23159327883640277
66326179,0.23075046905880797
66358895,0.229398635554151
66391578,0.22959652299839534
66424108,0.2293044602041793
66455903,0.229485658345897
66488453,0.229283598576021
66522108,0.22935691229783442
66553402,0.22852781159017224
66586312,0.22893789159511227
66618781,0.228525427404097
66651420,0.22914769996973275
66684213,0.2298420941641443
66716378,0.2325362244291573
66749121,0.23249092489372788
66783133,0.2321058788425778
66814938,0.23255410582472155
66848175,0.23263576419779827
66880977,0.23325267234476474
66913810,0.23347738188235545
66946634,0.2337354700249994
66981586,0.232484368382021
67015717,0.23252251535922472
67047511,0.23328783908937442
67080933,0.23321571746059863
67140970,0.22895756113023294
67173943,0.22915008415580798
67206897,0.22926512113393796
67239141,0.22955241555600353
67272171,0.22940459601933907
67307072,0.2291876350864929
67339442,0.22946181648514466
67373079,0.2294129406706024
67406188,0.2294135367171212
67439157,0.22943141811268544
67472224,0.22935750834435323
67504482,0.22928479066905863
67537396,0.22836270670446238
67571605,0.22924127927318563
67603519,0.22843482833323817
67636935,0.22839906554210967
67669980,0.2288157020587566
67703060,0.22862198694014393
67736030,0.22806051111942663
67768197,0.2288884197340512
67801200,0.22921207299376403
67835251,0.22871198996448397
67867119,0.23005547881787763
67900470,0.22992315649070222
67933685,0.23046496277629885
67966660,0.23074689277969512
67999772,0.23148301023042325
68032012,0.23228469279822025
68064986,0.23218157675046644
68099155,0.23197951698059047
68130944,0.23286106978190776
68164351,0.23300054466730888
68197291,0.23293795978283402
68230279,0.23306551373785897
68263187,0.2333957235092787
68295408,0.23226859954221243
68328294,0.23169639488415658
68362732,0.23346844118457333
68394875,0.2314508237184076
68428367,0.2317780532572333
68461293,0.23177328488508284
68494307,0.23207250023752454
68527234,0.2318430223277834
68559481,0.2306801355695886
68592404,0.23027363184376143
68626604,0.23120704069221504
68658471,0.22985818742015213
68691871,0.2297896420704892
68724947,0.22960486764965865
68757709,0.22903266299160277
68798797,0.23229065326340834
68844630,0.23143353836936215
68877260,0.23202183628342585
68911219,0.23149791139339346
68942754,0.23092391859578115
68976488,0.23059549696391785
69012425,0.23178162953634615
69048222,0.23369434281520163
69083176,0.23252251535922472
69115506,0.23209455395872045
69148552,0.2321780004713536
69182688,0.23218872930869214
69214579,0.23255529791775917
69247914,0.2324343004744411
69280887,0.23281636629299715
69313953,0.2330160418767979
69347143,0.2334088365326925
69379671,0.23382547304933943
69412732,0.2337497751414508
69446836,0.2331632653669435
69478650,0.2326447048955804
69512179,0.23302855885369286
69545096,0.23226204303050554
69578255,0.2315819539525454
69611384,0.2317559995360374
69643716,0.23195746325939456
69676668,0.2317786493037521
69710857,0.23222628023937705
69742629,0.23070755370945378
69776035,0.23089590440939717
69809012,0.2306586778949115
69841928,0.23032787207697297
69874872,0.22965433951071973
69907151,0.22907498229443815
69940081,0.22928002229690816
69974226,0.22903206694508396
70006114,0.22914233555106348
70039479,0.22911849369031115
70072319,0.22944870346173088
70106141,0.22936764113517297
70141073,0.22855642182307503
70173336,0.2286058936841361
70203103,0.22781672809323408
70233259,0.2281248841434579
70260931,0.23275735768763514
70292267,0.23178878209457185
70325872,0.2303147590535592
70359348,0.23133042232160833
70392211,0.23096087347994726
70424204,0.22889438019923927
70456770,0.22911312927164187
70527386,0.2318060674436173
70559962,0.23219767000647426
70593013,0.23150983232376962
70625690,0.23060801394081282
70658424,0.2303958213801171
70691093,0.23000064253814728
70722975,0.22906544555013722
70755600,0.22911372531816068
70789334,0.22886159764070482
70820814,0.22926214090134392
70854093,0.22948804253197222
70886681,0.2284306560076065
70919278,0.22857370717212047
70952011,0.22825184205196405
70983922,0.22936466090257893
71016521,0.23006978393432903
71050379,0.22942486160097855
71081833,0.23221972372767016
71114932,0.232251314193167
71147611,0.23267569931455842
71180128,0.23327293792640422
71212777,0.23323300280964407
71244851,0.23250880628929213
71295741,0.23381951258415135
71329498,0.23341837327699344
71364580,0.23229124930992714
71397883,0.232543376987383
71430563,0.23298147117870702
71463284,0.23312154211062694
71495842,0.2334451953703398
71527781,0.23214044954066868
71560422,0.23234191326402584
71594170,0.231931237212567
71625717,0.230868486269532
71658770,0.23070576556989736
71691326,0.23036005858898861
71723895,0.22886517391981767
71756543,0.22908034671310742
71789909,0.22908869136437074
71827909,0.2317053355819387
71859989,0.23214700605237557
71893471,0.23222568419285824
71926529,0.2318078555831737
71959644,0.23170295139586347
71992765,0.23158433813862064
72025322,0.23064437277846012
72058733,0.23046436672978005
72093138,0.23151698488199532
72125298,0.23031416300704038
72159134,0.2309638537125413
72192451,0.23087504278123888
72249063,0.2321714439596467
72282368,0.23207130814448693
72316153,0.2322578707048739
72352618,0.2297252690464579
72390162,0.2295363222999957
72423606,0.22900345671218117
72457469,0.22863927228918937
72490754,0.22870304926670185
72524041,0.22862079484710632
72557385,0.2286130462423618
72589922,0.2287650381046579
72623201,0.22884073601254654
72657763,0.22957625741675586
72689960,0.22899332392136143
72723726,0.22863211973096367
72757178,0.2285760913581957
72790444,0.22853675228795436
72823813,0.2286196027540687
72856493,0.22902431834033946
72889697,0.22887769089671264
72924253,0.2290576969453927
72956527,0.22897484647927838
72990293,0.22860946996324896
73023642,0.22901597368907614
73056980,0.22871020182492754
73090309,0.2286988769410702
73122897,0.22875669345339458
73155892,0.2286058936841361
73190040,0.2286494050800091
73222688,0.22933068625100686
73258942,0.22875430926731935
73294796,0.2311307467378076
73337796,0.2288377557799525
73371505,0.229224589970659
73404076,0.22908451903873908
73437467,0.2288824592688631
73472117,0.22891345368784113
73504316,0.22904100764286608
73538204,0.22930147997158526
73571584,0.2291584288070713
73604955,0.22859456880027876
73638342,0.22918942322604932
73671044,0.22922578206369662
73704403,0.22916438927225938
73738945,0.22847833972911116
73771180,0.22904816020109178
73804935,0.22941890113579047
73838378,0.22942545764749736
73871759,0.2288955722922769
73905168,0.22857430321863928
73937878,0.22943201415920425
73986181,0.22835436205319906
74021282,0.2290421997359037
74056186,0.22918942322604932
74092353,0.22866490228949812
74127223,0.23177388093160164
74160632,0.23172798534965341
74193977,0.2313506879032478
74226545,0.231872228607205
74259821,0.23219170954128618
74294317,0.2320117034926061
74326544,0.2318138160483618
74360323,0.2310437239460616
74393823,0.2319318332590858
74427190,0.2316475190696143
74460661,0.23149850743991227
74493249,0.2318793811654307
74526546,0.23207488442359978
74561034,0.23239853768331262
74593132,0.2319962062831171
74626862,0.23216011907578935
74660107,0.23222866442545229
74693345,0.23223581698367798
74726549,0.23211005116820946
74759111,0.231437114648475
74792419,0.23112717045869474
74827997,0.23186090372334764
74860400,0.23184838674645267
74894236,0.2320260086090575
74927507,0.23178997418760947
74960872,0.2320844211679007
74994066,0.23181083581576775
75026577,0.2323091307054914
75059966,0.23222389605330182
75094748,0.23214402581978152
75128865,0.23172858139617222
75161552,0.2327180186173938
75193536,0.23270907791961168
75224332,0.2319455423290184
75249743,0.2287936483375607
75276902,0.2291959797377562
75309530,0.22988739369957373
75341127,0.232251314193167
75365547,0.2289831911305417
75391331,0.23218813326217333
75416628,0.2289545808976389
75441985,0.23217621233179717
75467337,0.2292830025295022
75491882,0.23223820116975322
75517215,0.228742984383462
75543654,0.22905948508494914
75577299,0.22887888298975026
75617116,0.22863927228918937
75642482,0.2304899967300888
75667903,0.2299064671881756
75693237,0.2294349943917983
75717804,0.22988679765305492
75743125,0.22977772114011302
75769664,0.23187103651416738
75793916,0.22895934926978936
75819666,0.23151877302155174
75844997,0.22790732716409293
75870388,0.2315587081383119
75895751,0.22842648368197485
75920387,0.2318954744214385
75952782,0.228422907402862
75987283,0.2291292225276497
76019409,0.22738399832057932
76053225,0.22887828694323145
76086501,0.2296513592781257
76119859,0.23009481788811897
76153113,0.2288228546169823
76185805,0.22732975808736777
76219061,0.22757592529963558
76253598,0.22966208811546424
76285863,0.22905471671279867
76320352,0.2284455571705767
76354128,0.22870543345277708
76387678,0.22884788857077223
76421011,0.22919180741212455
76456624,0.22912743438809327
76491437,0.23093822371223255
76523775,0.22974434253505976
76557831,0.22968294974362252
76591410,0.2297914302100456
76624955,0.23067596324395695
76658590,0.23171427627972083
76691445,0.23106041324858823
76724919,0.2303439653329808
76759562,0.2311104811561681
76792016,0.23090901743281095
76825942,0.23248258024246457
76859441,0.23278537187401913
76893023,0.23181322000184298
76926534,0.23131552115863813
76959409,0.23146155255574616
76994472,0.23267748745411485
77029124,0.23389163421292714
77061538,0.23351552885955917
77095514,0.23240986256716997
77129003,0.23264887722121205
77170302,0.22940221183326384
77220271,0.2292466436918549
77253113,0.22823455670291862
77286622,0.22798421716501918
77321307,0.22873225554612345
77353948,0.2293336664836009
77388126,0.2293038641576605
77421617,0.22842707972849366
77455270,0.22827151158708472
77488891,0.2284801278686676
77521595,0.2285838399629402
77555095,0.2288592134546296
77589976,0.2292466436918549
77622387,0.22934499136745826
77656728,0.2283567462392743
77690332,0.2282184634469108
77723922,0.22926392904090034
77757361,0.23091438185148022
77790302,0.23112120999350666
77824536,0.2296811616040661
77859034,0.22997560858435734
77891226,0.22895875322327056
77924862,0.23103776348087351
77957931,0.23251715094055544
77991082,0.2313721455779249
78024238,0.22948387020634056
78056898,0.22816183902762402
78090068,0.22846343856614096
78124308,0.23023906114567055
78156284,0.22921147694724522
78189927,0.22994878649101097
78223016,0.22710743273585232
78256135,0.22627952412122776
78289329,0.2270919355263633
78321787,0.2291286264811309
78358358,0.231915740003078
78393226,0.23105445278340014
78425767,0.22942486160097855
78460100,0.22940817229845192
78493672,0.23139837162475246