Gain: 1, DRate: 601655755185067197,d0,d1,d2,d3
114140,2.4243178873441087
628625,0.0
726843,0.0
821409,0.0
914461,0.0
1003709,0.0
1094774,0.0
1184495,0.0
1275482,0.0
1365891,0.0
1455214,0.0
1544456,0.0
1650786,0.0
1741263,0.0
1832371,0.0
1922252,0.0
2013568,0.0
2104164,0.0
2194536,0.0
2289731,0.0
2382414,0.0
2472063,0.0
2563542,0.0
2652676,0.0
2744064,0.0
2832960,0.0
2923203,0.0
3012098,0.0
3101966,0.0
3191715,0.0
3280778,0.0
3369926,0.0
3461024,0.0
3549728,0.0
3639941,0.0
3728855,0.0
3818712,0.0
3908603,0.0
3997701,0.0
4086627,0.0
4177686,0.0
4266429,0.0
4356653,0.0
4445560,0.0
4535416,0.0
4625201,0.0
4714291,0.0
4803185,0.0
4894317,0.0
4983002,0.0
5073911,0.0
5163084,0.0
5253093,0.0
5342881,0.0
5431960,0.0
5520827,0.0
5611906,0.0
5700575,0.0
5790823,0.0
5879761,0.0
5969663,0.0
6059425,0.0
6148530,0.0
6255446,0.0
6348067,0.0
6436947,0.0
6527093,0.0
6615991,0.0
6705830,0.0
6795571,0.0
6884643,0.0
6973533,0.0
7064623,0.0
7153257,0.0
7243580,0.0
7332573,0.0
7837877,2.4180844328504123
7929001,2.40994362949653
8020140,2.4118468060310847
8114267,2.4174287816797233
8203217,2.410074163684149
8293141,2.406150389450835
8382896,2.408570934363715
8471941,2.4077269324930826
8560876,2.4067208059693344
8651858,2.4058160073537835
8740476,2.405302215254571
8830767,2.4044921880355106
8919708,2.4030414108087315
9009586,2.4024876835927587
9099465,2.4020257475406823
9188538,2.401255655438382
9277481,2.400358009381057
9368802,2.3995759963483807
9457500,2.3983588693569744
9547703,2.397986936329238
9636621,2.3970129963175055
9726516,2.3923298588192297
9816295,2.3916593064855705
9905395,2.3906394708918897
9994336,2.3900380599544118
10086035,2.3836436729006376
10175010,2.3882678017935515
10265611,2.3874482378301902
10354749,2.3863419754912822
10444806,2.385789440368347
10534835,2.384876297101533
10652825,2.3862883313045895
10742161,2.383459494526326
10833516,2.3826101282370242
10922540,2.3790833209852362
11012955,2.3808911300767814
11102097,2.3804434991411565
11192213,2.379718110527767
11282326,2.378831789354299
11371660,2.382120177998564
11460800,2.3813077665934284
11552001,2.380582377980039
11640902,2.3799303030884627
11731378,2.379419491221844
11820492,2.3783060763247104
11910613,2.3777285072479852
12000657,2.3769071551450676
12089999,2.3758730144349354
12179155,2.3753622025683168
12270397,2.37452535325591
12359534,2.3738649337130706
12449912,2.372934505097211
12538962,2.3723020997407556
12629048,2.372015401365209
12718996,2.371185108564509
12808280,2.3701014959933158
12897359,2.3692759715647664
12988615,2.3687156878370867
13077524,2.368294878994808
13167925,2.3669615229322343
13257150,2.3662468631561833
13347178,2.3657151896614064
13437126,2.3649713236059338
13526410,2.364454551274127
13615528,2.363463325913349
13706707,2.3627903893936146
13795602,2.3626574710199204
13886373,2.3615225984481096
13975485,2.3600134086624873
14065547,2.359457893306958
14155551,2.3591038416747856
14245022,2.358459515387954
14334192,2.3576190897964344
14425306,2.3538395588206718
14514164,2.352558058805234
14604511,2.351616901352036
14693629,2.350750249713689
14783740,2.350001019239547
14873712,2.3489585338781516
14963008,2.3484983859656317
15052350,2.3478367743297546
15144260,2.3339161078829895
15252165,2.339029590967845
15342791,2.3456778938386313
15431944,2.344587724755731
15521720,2.343621533348743
15611464,2.3431876114830508
15700515,2.3425510338009636
15789456,2.3417058398372936
15880488,2.3410662819226125
15969232,2.342813890315758
16059465,2.3437812738157837
16148370,2.342782299850261
16238253,2.3424210956598635
16327956,2.3413142372744367
16417060,2.340560834474663
16505954,2.340026180747292
16596977,2.339172642132359
16685637,2.338860909803022
16775774,2.3380484983978866
16864921,2.3371580048987872
16954766,2.3366448088460934
17044533,2.33561126418248
17133640,2.3349389237092644
17222556,2.334359566492983
17313918,2.333643714623894
17402570,2.3331650892692912
17492752,2.332203070187935
17581621,2.331425825527409
17671399,2.3308202422643
17761109,2.3300346529525107
17850153,2.329271713408436
17939052,2.3285034094456925
18030027,1.160671849330884
18118690,0.16984166739483683
18212462,0.0
18301850,0.0
18393007,0.0
18483357,0.0
18573964,0.0
18664387,0.0
18754183,0.0
18844527,0.0
18936315,0.0
19025706,0.0
19116684,0.0
19207061,0.0
19297651,0.0
19388171,0.0
19478007,0.0
19568376,0.0
19660211,0.0
19758192,0.0
19862361,0.0
19952971,0.0
20044125,0.0
20135744,0.0
20225858,0.0
20316544,0.0
20408505,0.0
20497927,0.0
20588846,0.0
20679494,0.0
20770206,0.0
20860808,0.0
20950628,0.0
21041261,0.0
21133244,0.0
21222694,0.0
21314122,0.0
21404750,0.0
21495494,0.0
21586101,0.0
21675967,0.0
21766565,0.0
21858585,0.0
21948001,0.0
22039082,0.0
22130081,0.0
22220942,0.0
22316371,0.0
22407126,0.0
22498007,0.0
23133570,0.0
23224644,0.0
23315803,0.0
23406209,0.0
23496857,0.0
23587430,0.0
23677289,0.0
23767686,0.0
23859620,0.0
23949006,0.0
24040050,0.0
24130416,0.0
24221575,0.0
24312785,0.0
24402708,0.0
24493151,0.0
24585052,0.0
24674640,0.0
24765707,0.0
24856161,0.0
24946867,0.0
25037612,0.0
25129107,0.0
25219639,0.0
25313918,0.0
25405956,0.0
25497138,0.0
25587678,0.0
25678388,0.0
25769027,0.0
25859161,0.0
25949651,0.0
26041837,0.0
26131240,0.0
26250767,0.0
26357458,0.0
26448152,0.0
26538751,0.0
26628597,0.0
26719202,0.0
26811235,0.0
26900651,0.0
26991779,0.0
27082386,0.0
27173123,0.0
27263841,0.0
27353999,0.0
27444625,0.0
27536582,0.0
27626022,0.0
27717165,0.0
27807799,0.0
27898501,0.0
27989160,0.0
28079077,0.0
28169701,0.0
28261901,0.0
28351317,0.0
28442354,0.0
28532910,0.0
28623584,0.0
28714130,0.0
28803982,0.0
28894706,0.0
28986649,0.0
29076036,0.0
29166965,0.0
29257638,0.0
29348334,0.0
29438772,0.0
29531287,0.0
29628695,0.0
29731836,0.0
29821184,0.0
29912166,0.0
30002714,0.0
30094441,0.0
30185980,0.0
30275785,0.0
30368880,0.0
30462913,0.0
30552482,0.0
30643849,0.0
30734648,0.0
30825490,0.0
30939144,0.0
31029158,0.0
31119981,0.0
31212178,0.0
31301758,0.0
31393106,0.0
31483850,0.0
31574750,0.0
31665695,0.0
31755733,0.0
31846663,0.0
31939240,0.0
32028877,0.0
32120009,0.0
32210839,0.0
32301744,0.0
32392556,0.0
32482636,0.0
32573463,0.0
32665753,0.0
32756510,0.0
32847291,0.0
32937351,0.0
33028190,0.0
33120474,0.0
33210087,0.0
33301235,0.0
33392255,0.0
33483123,0.0
33573919,0.0
33663954,0.0
33774139,0.0
33865993,0.0
33955624,0.0
34046819,0.0
34137602,0.0
34228594,0.0
34319358,2.3228034165863294
34409327,2.3224213507677733
34500254,2.3216131116882694
34592262,2.3197832488755283
34682425,2.31918720235672
34777064,2.3239126591578314
34867985,2.317114748610824
34958748,2.320386447952562
35049558,2.319775500270784
35140589,2.304474986132978
35231403,2.319153227705148
35323409,2.318635263280304
35412892,2.3175456902439224
35527002,2.312767781349156
35619532,2.3213419105222117
35710260,2.3154666799863195
35800941,2.3147061246283203
35890914,2.3136302606618715
35981547,2.313084282050643
36073565,2.312674202045703
36163097,2.3119053020364406
36254287,2.310931362024708
36345008,2.3102864396913576
36436016,2.30923501363218
36526592,2.308858908278812
36616539,2.3079374203607346
36707208,2.307342565934964
36799141,2.306503332436482
36888648,2.305758274287972
36979720,1.7456456119591728
37070402,1.2628854826552252
37161164,1.1781568739601223
37251852,1.1614622070148237
37341800,1.1577458569700547
37432502,1.1572094151031274
37524331,1.1547644322829762
37613834,1.1557765192719125
37704960,1.1546100562346049
37794738,1.1544288580928872
37885848,1.156032819275
37976713,1.1543823664644202
38066974,1.1534078304061688
38160080,1.1475624021962167
38263590,2.1203586006592037
38360253,1.7658366877838
38450459,1.2533755604476404
38540438,1.171427508762778
38630568,1.156247396021771
38720520,1.153335708777393
38809790,1.1543317025103215
38899573,1.1544878666982492
38990669,1.1539734785525178
39079531,2.390635894612777
39169912,2.390871929034225
39259771,2.3909816015936856
39349960,2.3900642860012393
39439973,2.3878726229515816
39529181,2.3905888069377905
39618948,2.3950651162940404
39710087,2.3924049606805995
39798958,2.394948887222873
39889390,2.3948809379197287
39979185,2.395038294200694
40069471,2.3949095481526315
40181386,2.3882737622587396
40270606,2.3950579637358147
40360515,2.3947915309419074
40451621,2.3947694772207115
40543720,2.3949178928038948
40634965,2.3949751132697004
40723837,2.394929217687752
40814229,2.3950090879212724
40903637,2.3894831406454013
40993780,2.394883322105804
41083876,2.3949661725719182
41173243,2.394721197452688
41262448,2.39441006116987
41353585,2.3946979516384546
41442442,2.3953226083901655
41532799,2.3950591558288523
41621911,2.3946019881489264
41711947,2.395100879085169
41801903,2.39502041280513
41891214,2.3949178928038948
41980335,2.395034717921581
42071549,2.3947879546627946
42160381,2.3948404067564497
42250914,2.395180749318689
42340154,2.394721793499207
42430586,2.391806529975716
42520593,2.395106839550357
42609831,2.3950984948990937
42698963,2.390986369965836
42790239,2.390787886475073
42879115,2.391027497175634
42969559,2.390824841359239
43058698,2.3907860983355165
43148856,2.3911127318278234
43238911,2.3909696806633094
43328233,2.390902923453203
43417370,2.3909297455465492
43508634,2.3913457860166774
43597513,2.3912057150847574
43687997,2.3908170927544945
43777121,2.3909100760114286
43867437,2.3904463518197954
43957476,2.3904487360058706
44046767,2.390892790662383
44135849,2.3904213178660054
44227173,2.3908546436851794
44316051,2.3950967067595372
44406435,2.3947951072210203
44495541,2.39476530489508
44585609,2.394886302338398
44696240,2.3887804017997265
44785700,2.394972729083625
44874813,2.39483027396563
44966021,2.3947599404764106
45054980,2.394671725591627
45146775,2.382663176377198
45235881,2.3953321451344665
45325818,2.3952880376920747
45415724,2.383661554296202
45505421,2.395221280481968
45597896,2.400927233806519
45688993,2.3955121511831465
45777745,2.395479964671131
45868131,2.3954412216474084
45957124,2.3955115551366277
46047056,2.395472812112905
46136908,2.392425226262239
46226182,2.3951396221088914
46315193,2.395082401643086
46406290,2.3953065151341577
46495020,2.395733880488143
46585312,2.395694541417902
46674269,2.3953851932746404
46764204,2.3954442018800024
46854185,2.3955812925793283
46943298,2.392357276959095
47032348,2.3949804776883696
47123551,2.395137237922816
47212478,2.39167957206721
47303062,2.3870035871271593
47392166,2.3870184882901295
47482269,2.389664338787119
47572311,1.7821671703061068
47661632,1.266757400841403
47750770,1.1761207790518735
47842072,1.1585660169799348
47931200,1.154976624843672
48021604,1.1529447022610548
48110767,1.1543686573944876
48200875,1.1538071815737703
48290968,1.152636546210831
48380705,1.1529983464477476
48471005,1.152428525975767
48563706,1.1533500138938444
48654175,1.1543179934403889
48743163,1.1544616406514217
48833997,1.1539752666920742
48922770,1.1541165297170317
49013987,1.1553384250805885
49103072,1.1550547069376358
49193488,1.1560006327629844
49292255,1.1569149681228361
49393836,1.1546213811184622
49483375,1.1538924162259598
49573783,1.155616182758353
49663535,1.1559308953202838
49752609,1.1558164543886726
49842082,1.156048316484489
49937901,1.156619925096026
50026668,1.156051296717083
50117642,1.1549813932158224
50206613,1.1544056122786537
50296402,1.154976624843672
50386344,1.155442137174861
50475454,1.1557389683412276
50564386,1.1560471243914514
50655443,4.847632032350544
50744084,4.848906975854275
50834361,4.848015290262138
50923230,4.847674947699899
51013083,4.84850464445408
51102912,4.848414045383221
51191945,4.8480731067744625
51280818,4.847576003977776
51372198,4.846824389317559
51460871,4.848255497009218
51551956,4.84818933584563
51640931,4.8475384530470915
51730783,4.848952871436223
51820670,4.848659020502451
51909853,4.84918473353204
51998890,4.847546201651836
52089971,4.839652757603258
52178659,4.840799551105445
52269054,4.840187411330629
52358023,4.840976576921531
52447972,4.840508084357748
52537859,4.814788081024656
52627022,4.841141085760722
52715961,3.063902028072122
52807033,1.5175803324675956
52895842,1.2302042520289722
52986387,1.1726207938934319
53075335,1.1596728753653616
53165186,1.1598439407162595
53255971,1.1583395193027877
53349868,1.151055234796433
53447304,1.1460603649688201
53568827,1.143031256560237
53669182,1.1440367870374664
53770681,1.1478181061527855
53875555,1.1496986329196255
53964687,1.152475017604234
54053757,1.155631679967842
54146201,1.1562420316031017
54237711,1.155560750432104
54334868,1.1582691858135683
54425300,1.1534364406390716
54516785,1.1553390211271073
54605681,1.1554588264773877
54696354,1.1560316271819624
54786484,1.1556698269450458
54876663,1.155939836018066
54966830,1.1559475846228104
55056355,1.155939836018066
55149139,1.1531783524964276
55241194,1.1510534466568765
55330440,1.1539579813430287
55421233,1.1553563064761527
55511560,1.155833739737718
55601964,1.155896324622193
55692276,1.155911821831682
55781857,1.156094808112956
55872355,1.156039375786707
55963988,1.1560083813677289
56053182,1.155628699735248
56143984,1.1560709662522037
56234412,1.1557800955510253
56324778,1.1556966490383922
56415254,1.15580274531874
56504794,1.155669230898527
56595083,1.1562313027657631
56686653,1.1549146360057159
56775852,1.1550779527518693
56866394,1.1541981880901084
56956485,1.1536873762234898
57046647,1.1537875120386496
57137555,1.1536724750605196
57231846,1.1552668994983315
57325514,1.1559124178782008
57417068,1.1527706566775628
57505977,1.1519826831796984
57596509,1.153605717850413
57686694,1.153481740174501
57777009,1.1537434045962578
57867235,1.153143185751818
58157964,1.1548866218193319
58251591,1.1547012513519825
58343398,1.1542828266957792
58442138,1.1569584795187091
58538248,1.1549009269357833
58628173,1.154557008094431
58718793,1.1557836718301382
58808981,1.155703801596618
58899489,1.1600650739747373
58989672,1.1541612332059423
59079230,1.1576624104574216
59169451,1.1591161679167947
59260941,1.156374949976796
59350064,1.1557336039225583
59440720,1.1515124024763588
59530915,1.1558671183427713
59621285,1.1478562531299892
59711524,1.159258026988271
59801051,1.156458396489429
59891262,1.1583967397685933
59982773,1.1536504213393237
60105219,1.1568583437035493
60196262,1.1533303443587237
60288753,1.2647695857011778
60384400,4.855482561049767
60474534,4.604439092211615
60564026,2.072160491008817
60654169,1.3339693944417708
60745593,1.1935640804247951
60834635,1.1647815900780667
60925221,1.1586315820970037
61015352,4.848013502122582
61105574,4.84766421886256
61195684,3.0628875568971106
61285244,1.5162422080328712
61375400,1.2279094729315607
61466768,1.1709542478268442
61555759,4.428787163351436
61646335,4.83901200759554
61738541,4.359878225312022
61828977,1.9127144709485138
61920672,4.817747451990539
62010882,4.841166715761031
62100944,4.839790444349103
62190322,4.8402678776106685
62280501,4.840036611561371
62371662,4.840670805057383
62461735,4.841487984834669
62553140,4.840065221794274
62642153,4.840543251102358
62732605,4.841025452736074
62822685,4.840618352963728
62912938,4.840924720874395
63003199,4.848685842595797
63092788,4.848211985613345
63183090,4.8483341751497
63274701,4.848981481669126
63364041,4.849006515622916
63455019,4.8486417351534055
63545349,4.849089962135549
63635781,4.845859390003609
63726117,4.8486137209670215
63815738,4.848975521203938
63906106,4.848273378404782
63997654,4.848371726080385
64086834,4.848578554222412
64177680,4.848910552133388
64268023,4.849312287487065
64358476,4.848784190271401
64448816,4.848586302827156
64538446,4.84896956073875
64638992,4.8435056023008345
64746700,4.83516095103752
64835859,4.848611932827465
64926611,4.8240941553228085
65016957,4.847882371888444
65108079,4.84831450561458
65198403,4.817875005945564
65287920,4.844239335565488
65378026,4.846964460249479
65469340,4.84696386420296
65558303,4.847466331418316
65648816,4.847631436304026
65738953,4.847965818401077
65829150,4.847667199095154
65919244,4.847471695836985
66008653,4.847655278164778
66098801,4.843899589049768
66190149,4.838827233174709
66279116,4.839225988295792
66370084,4.839673023184898
66460422,4.839033465270217
66550870,4.839603285742197
66641206,4.8402708578432625
66730843,4.83896670806011
66821180,4.838707427824429
66912812,4.839559774346324
67001973,4.839822630861119
67092728,4.8397022294643195
67183048,4.283233199504996
67273493,1.8995805859065755
67363773,1.3035078410515595
67453403,1.1878599152398008
67543792,1.163391013549687
67635348,1.1576451251083761
67724547,1.1565758176536343
67815224,1.157176036498074
67909318,1.155426639965372
68001104,1.1552877611264898
68090618,1.1562044806724168
68181666,1.1558695025288466
68272329,1.1559231467155393
68363053,1.1560149378794358
68453591,1.1557729429927996
68543496,1.1555959171767136
68634119,1.1562456078822145
68726184,1.1556996292709862
68815703,1.155728239503889
68906752,1.155889768110486
68997416,1.1558486409006883
69088137,1.1557485050855285
69178734,1.1557425446203404
69292902,1.1540140097157967
69383738,1.1555339283387576
69476715,1.1557383722947088
69567078,1.1553414053131825
69658159,1.1556376404330302
69748751,1.1557651943880551
69840351,1.1555190271757874
69931849,1.1555381006643892
70021782,1.1555398888039456
70113049,1.1557115502013624
70206137,1.1528618517949405
70296555,1.1534680311045684
70387533,2.394352244657546
70478123,2.3948064321048776
70569754,2.394295620238259
70661255,2.3942664139588374
70751119,2.390189455770189
70841735,2.390575097867858
70936003,2.38571791478609
71026353,2.3904701936805477
71117367,2.391287373457834
71208006,2.3910930622927027
71299682,2.387241409688164
71391172,2.3909261692674364
71481055,2.390812920428863
71571643,2.391030477408228
71664519,2.391791628812746
71754891,2.391076372990176
71845975,2.3912730683413828
71936595,2.391082929501883
72045836,2.383950040811305
72138255,2.391493009506823
72228319,2.390756892056095
72318952,2.39098935019843
72412109,2.3956963295574583
72502502,2.3950245851307614
72593564,2.3947825902441253
72684152,2.3950764411778978
72775756,2.3951199525737707
72867234,2.3950269693168367
72957134,2.3948034518722836
73047739,2.395113396062064
73140711,2.395466851647717
73231152,2.3952516788544274
73322157,2.3948433869890438
73412765,2.3949494832693916
73504357,2.39460020000937
73595872,2.3945590727995723
73685773,2.3952385658310136
73776383,2.394957231874136
73878068,2.3915406932283276
73981141,2.3890837894778
74072152,2.3951634639696437
74162483,2.3949596160602113
74253971,2.394888686524473
74345289,2.3947206014061693
74434988,2.3950996869921313
74525380,2.3952790969942925
74618010,2.3957672590931964
74708148,2.394699739778011
74798900,2.394976901409257
74889281,2.3949649804788806
74980639,2.394795703267539
75072007,2.3951980346677346
75165121,2.387137697593891
75255602,2.394540595357489
75348207,2.3951277011785153
75438893,2.390084551582879
75531238,2.3904684055409913
75623225,2.3945990079163324
75714695,2.3908296097313895
75805977,2.390821265080126
75895704,2.3909935225240617
75986206,2.391144918339839
76078794,2.391346978109715
76168985,2.390862392289924
76259818,2.3911371697350945
76350221,2.391066836245875
76441640,2.3908457029873973
76532848,2.391008423687032
76622492,2.3909976948496934
76712881,2.3911425341537638
76805507,2.3914202918315284
76895964,2.3906591404270103
76986941,2.3908504713595478
77077356,2.3945453637296397
77168741,2.3948660367567585
77260100,2.3947813981510877
77349815,2.395013856293423
77440205,2.394954847688061
77532844,2.3954096311819115
77623029,2.3951235288528836
77713836,2.39492027698997
77804240,2.3949274295481957
77895671,2.394929217687752
77986914,2.394994782804821
78076586,2.395016240479498
78167096,2.395178365132614
78259854,2.3952820772268866
78350067,2.395019220712092
78441689,2.3918929567209433
78541101,2.393937992326974
78645718,2.3879328236499813
78737183,2.394904183733962
78826853,2.394951271408948
78917271,2.395128297225034
79009909,2.395535993043899
79100088,2.3949310058273086
79190832,2.395084785829161
79281177,2.395003723502603
79372491,2.394833850244743
79463761,2.3947164290805376
79553473,2.39474027094129
79643898,2.3938932888380635
79736537,2.395775007697941
79826656,2.3951557153648992
79918037,2.3942687981449127
80008698,2.3947843783836817
80100715,2.3949506753624292
80193389,2.374677941164725
80283403,2.390728877869711
80374036,2.3907121885671843
80466898,2.391361879272685
80557293,2.390971468802866
80648232,2.390799807405449
80738880,2.3909881581053924
80830514,2.390806363917156
80921976,2.390805767870637
81011895,2.3909935225240617
81102490,2.3911926020613437
81195331,2.3915913571824263
81285818,2.3908415306617656
81377270,2.390434430889419
81468106,2.3902228343752423
81565191,2.3923495283543503
81655131,2.3906460274035966
81745774,2.3919543495123805
81837785,2.39470033582453
81927329,2.394641327219168
82018371,2.394948887222873
82109019,2.395004319549122
82199785,2.39524035397057
82290416,2.391782092068445
82380371,2.3947170251270564
82471024,2.3950400823402505
82562941,2.3948386186168933
82652430,2.395100879085169
82743431,2.3948511355937883
82834093,2.394907760013075
82925159,2.387473867830499
83015794,2.394438671402773
83105745,2.394932197920346
83220126,2.392431186727427
83313567,2.39636568979808
83403068,2.3947450393134404
83494115,2.3948874944314356
83584743,2.3949178928038948
83675497,2.3950430625728445
83766152,2.394653248149544
83856089,2.39497034489755
83946752,2.3945090048919924
84038655,2.394966768618437
84128146,2.3948380225703745
84219165,2.3948904746640296
84312761,2.3962667460759577
84403932,2.3985943077319036
84494337,2.394438671402773
84584032,2.394373702332223
84674446,2.3944809907056084
84766149,2.394441651635367
84855390,2.3902901876318676
84946154,2.39059417135646
85036547,2.3905667532165946
85127649,2.389975475069937
85218304,2.3761251421123912
85308244,2.390055345303457
85398647,2.38946883552895
85490324,2.3905232418207216
85579605,2.390451120191946
85670456,2.3905828464726024
85760874,2.390444563680239
85851352,2.3905756939143767
85942179,2.3852839929203977
86031888,2.390003489256321
86122273,2.3903217780973645
86214008,2.3902067411192345
86303279,2.3871579631755306
86394144,2.394613313032784
86484516,2.394435691170179
86575114,2.3945203297758497
86665564,2.3944207900072088
86755238,2.3945394032644516
86845648,2.3946949714058605
86937298,2.394326614657237
87026586,2.3943534367505834
87117481,2.3942699902379503
87207892,2.3943498604714706
87298399,2.3911085595021917
87388936,2.3945459597761585
87478608,2.3943182700059737
87569000,2.3945030444268043
87660660,2.394332575122425
87749938,2.3940887920962326
87864791,2.3925599327754896
87955152,2.3945835107068434
88045629,2.3943742983787417
88136080,2.3944613211704877
88225828,2.3945703976834296
88316159,2.3941984646556933
88407797,2.3941013090731276
88497017,2.394273566517063
88587860,2.3944845669847212
88678257,2.3944428437284047
88768832,2.394351052564508
88859300,2.3943284027967935
88949659,2.390415953447336
89039921,2.3938038818602423
89131547,2.394295620238259
89232209,2.3916342725317805
89327300,2.3956522221150665
89419083,2.3940834276775633
89509547,2.3898741471617395
89600052,2.3904523122849834
89689660,2.390471981820104
89779955,2.3904093969356293
89871687,2.390062497861683
89960908,2.390246080189476
90051664,2.3903062808878754
90142185,2.3904427755406825
90233309,2.3900970685597738
90323644,2.390207933212272
90413420,2.3901513087929853
90503697,2.390605496240317
90595313,2.3901918399562643
90684493,2.3899116980924244
90775382,2.389913486231981
90865673,2.3899856078607566
90956167,2.3904582727501715
91046579,2.394352244657546
91136197,2.394012498141825
91226558,2.394149588841151
91318213,2.3938718311633864
91407511,2.3943164818664173
91498411,2.394299196517372
91588668,2.39385514186086
91679177,2.3941358797712184
91769687,2.394327210703756
91859448,2.394302176749966
91950677,2.390232967166062
92042686,2.3942825072148453
92182166,2.3995485782085155
92273106,2.3945143693106616
92363351,2.3941388600038125
92453822,2.3942097895395507
92544343,2.3943444960528013
92634107,2.3941442244224818
92724395,2.394239591865491
92816036,2.3941889279113924
92905361,2.3943057530290788
92996388,2.3941174023291354
93086656,2.39406018186333
93177152,2.3941132300035037
93310586,2.399059820063093
93400681,2.3941519730272263
93490979,2.3940303795373894
93582612,2.3939934246532233
93671953,2.394339727680651
93762849,2.394391583727787
93853274,2.3942878716335145
93943646,2.3942717783775067
94033924,2.3941764109344974
94123492,2.3904183376334114
94213555,2.3902001846075276
94305175,2.3893234001783608
94394272,2.390301512515725
94485013,2.390105413211037
94575068,2.3904523122849834
94665345,2.390356944841974
94755562,2.390233563212581
94845081,2.3902407157708065
94935135,2.3791500781953427
95026579,2.389322804131842
95115998,2.3900511729778255
95210865,2.3770347091000925
95301495,2.3908540476386606
95391946,2.390581058333046
95481615,2.390631722287145
95577200,2.397719907488812
95669827,2.390911864150985
95759136,2.392931865803226
95849943,2.3944833748916836
95978774,2.3998227596071673
96070176,2.394609736753671
96160572,2.3948529237333447
96250398,2.3948040479188024
96340699,2.3945864909394374
96432514,1.200419807484127
96521810,0.20787658785302493
96612591,0.019211771394225526
96702760,0.0
96793132,0.0
96883554,0.0
96973197,0.0
97063403,0.0
97155107,0.0
97244562,0.0
97335448,0.0
97425624,0.0
97515961,0.0
97606328,0.021728279796633696
97696064,0.05947411769319984
97786232,0.0
97877892,0.0
97967486,0.0
98058499,0.0
98157994,0.0
98251695,0.0
98345186,0.0
98435826,0.0
98525697,0.0
98616947,0.0
98706738,0.0
98797071,0.0
98888961,0.0
98978382,0.0
99069479,0.0
99159837,0.0
99250547,0.0
99341239,0.0
99431319,0.0
99521650,0.0
99613634,0.0
99703050,0.0
99794181,0.0
99884535,0.0
99975081,0.0
100065659,0.0
100156008,0.0
100246942,0.0
100338814,0.0
100428215,0.0
100519329,0.15968205448175127
100629956,0.1596105288994943
100720725,0.15949191564225146
100811467,0.1593703221524146
100901547,0.15924574842998368
100991924,0.15911998261451513
101083760,0.1590019654037911
101173187,0.1588773916813602
101264399,0.15875699028456094
101354749,0.1586365888877617
101445343,0.15851439935140602
101535911,0.15839519004764438
101625793,0.15827836492995798
101716156,0.15815855957967753
101808007,0.158032793764209
101897473,0.1579153726000038
101988506,0.157799739575355
102078858,0.1576829144576686
102169434,0.1575654932934634
102260080,0.15745045631533341
102349953,0.1573330351511282
102440360,0.15719832863787753
102532140,0.1571089216600563
102621541,0.15699090444933228
102712648,0.1568752714246835
102802971,0.1567590423535159
102893525,0.1566434093288671
102984153,0.15653016049029356
103074038,0.15641393141912596
103164427,0.15630187467359002
103256270,0.1561910100210917
103806785,0.15706958258981496
103897990,0.15694977723953452
104016700,0.15689553700632297
104108622,0.1567727514234485
104204376,0.1566565223522809
104294241,0.15651525932732335
104384586,0.1564085670004567
104476400,0.15629829839447718
104565793,0.156183857462866
104656769,0.15606286001954794
104747135,0.15595497559964366
104837686,0.15583576629588203
104928305,0.12715043153171915
105018169,0.1073765882702575
105108782,0.10446728521195474
105200881,0.10989250062614687
105290378,0.09894610630823449
105381514,0.10119737400977302
105472219,0.10266305239952235
105562760,0.10312618054463632
105653268,0.10315777101013315
105743150,0.10353030008438827
105833501,0.10365189357422513
105925301,0.10316730775443408
106014726,0.15492619930818072
106105743,0.15481712279523882
106196106,0.15470208581710884
106288797,0.1545906251180917
106379376,0.1544940655820448
106469062,0.15437485627828315
106559288,0.15426339557926602
106650890,0.15415431906632412
106740156,0.15404047418123176
106831097,0.15393139766828987
106921544,0.1538175527831975
107011921,0.15370370789810514
107102327,0.15359403533864444
107192042,0.15346946161621353
107282524,0.15336932580105375
107374007,0.1532662097532999
107463221,0.1531565371938392
107554274,0.15304924882045373
107644653,0.1529377881214366
107735896,0.1528346720736828
107832341,0.15273811253763586
107922581,0.1526099625360921
108012719,0.15249730974403736
108104214,0.15239717392887758
108193457,0.1522827329972664
108285914,0.15217484857736213
108376194,0.15207352066916474
108468438,0.15196504020274165
108582681,0.15190603159737964
108674140,0.15181662461955842
108763887,0.15170874019965414
108856545,0.15161396880316363
108947308,0.1515025081041465
109039170,0.1514005841494303
109128614,0.1512932957760448
109219602,0.15120388879822358
109311309,0.1511043490295826
109402337,0.15100242507486641
109493386,0.1508999050736314
109583978,0.15079857716543402
109674596,0.15069367297812378
109764463,0.15059830553511447
109854805,0.15049518948736065
109946610,0.04646778660628636
110036131,0.0
110127297,0.0
110218164,0.0
110308860,0.0
110399226,0.0
110488959,0.0
110579094,0.0
110670803,0.0
110764304,0.15199305438912564
110854028,0.15187980555055208
110944004,0.15177072903761019
111034207,0.15166403671074352
111123434,0.15155436415128282
111213120,0.15144826787093496
111304295,0.15134157554406827
111393593,0.15123607531023922
111484383,0.15112997902989136
111574191,0.15102686298213755
111664192,0.15092315088786493
111754482,0.15081765065403588
111843748,0.15071572669931968
111933510,0.15060903437245302
112024715,0.15050830251077443
112116008,0.1504033983234642
112210240,0.15031816367127462
112299977,0.15019001366973087
112389937,0.15008928180805228
112480006,0.14998437762074204
112569321,0.14987708924735657
112659071,0.14977397319960276
112750281,0.14967145319836775
112839198,0.14956118459238824
112932172,0.14946045273070965
113024040,0.1493716417994072
113114038,0.14924885621653272
113224723,0.14918031086686978
113314067,0.14908136714474762
113403833,0.14897407877136215
113495095,0.14887513504924
113583972,0.14876963481541094
113674412,0.14867307527936402
113764150,0.148570555278129
113855820,0.14845849853259308
113956084,0.14827670434435658
114061408,0.14818610527349774
114165091,0.14810623503997744
114258369,0.14800311899222363
114352784,0.1479202685261093
114448697,0.14785172317644635
114539278,0.14775039526824896
114632130,0.14761270852240427
114726248,0.14752866596325231
114819269,0.14746548503225865
114913420,0.14734329549590294
115006451,0.14724912014593125
115101107,0.14714540805165863
115194063,0.14705182874820574
115286766,0.14695109688652716
115378547,0.14689030014160873
115468712,0.146793144559043
115559892,0.1466995652555901
115650898,0.1465976413008739
115741934,0.1465100224626091
115832252,0.14641286688004337
115921685,0.1463276322278538
116011346,0.14622868850573165
116102476,0.14614106966746684
116191462,0.1460439140849011
116282251,0.14594437431626014
116372605,0.14584960291976964
116462861,0.1457518512906851
116553393,0.14566065617330745
116642911,0.14556707686985457
116732998,0.14547528570595808
116825563,0.1453811103559864
116918219,0.14525355640096144
117013186,0.1451564008183957
117107578,0.1450693780266497
117201989,0.1449746066301592
117293664,0.14490486918745865
117383839,0.14481784639571266
117476154,0.1447117501153648
117568513,0.1446235352305812
117658968,0.1445293598806095
117750362,0.14443697267019423
117858839,0.14437379173920056
117949440,0.14430226615694358
118039610,0.14421107103956593
118129056,0.144114511503519
118218996,0.14402391243266016
118310527,0.14393510150135774
118410938,0.1438582115004315
118506057,0.14377893731343
118601774,0.14370085521946613
118692164,0.1436031035903816
118782333,0.1435119084730039
118871789,0.14341832916955102
118963297,0.1433289221917298
119054469,0.14325084009776592
119143420,0.14315904893386946
119233956,0.14307083404908585
119323840,0.14298083102474582
119413910,0.1428920200934434
119503947,0.14280201706910337
119593310,0.14271201404476333
119683175,0.14262379915997972
119774478,0.1425355842751961
119863378,0.14244558125085607
119953905,0.14235736636607246
120043782,0.14226974752780766
120133966,0.14218034054998643
120225399,0.142060535199706
120314936,0.14200450682693802
120405036,0.1419150998491168
120496392,0.1418286731038896
120585387,0.1417398621725872
120676011,0.14165462752039762
120765909,0.14156462449605756
120856035,0.14148296612298084
120946126,0.1413935591451596
121035498,0.14130772844645123
121125339,0.14122010960818643
121216602,0.14113368286295924
121305718,0.14104725611773206
121396311,0.14095904123294845
121486218,0.1408761907668341
121576300,0.14078916797508811
121666318,0.14070572146245497
121755699,0.14061631448463374
121845566,0.1405322719254818
121937232,0.14044703727329222
122026212,0.14036180262110265
122116721,0.14026941541068738
122206625,0.1401829886654602
122296703,0.14009417773415778
122395097,0.14002861261708888
122499589,0.13996960401172687
122596893,0.13986589191745424
122686260,0.13978542563741514
122775961,0.1396942305200375
122866811,0.13961316819347955
122961155,0.1395303177273652
123053734,0.139456407959033
123142533,0.13935090772520395
123232823,0.13926924935212723
123322466,0.1391875909790505
123412523,0.13910354841989855
123504331,0.13902367818637826
123616472,0.13898433911613692
123707935,0.13891638981299279
123797116,0.13883532748643487
123887943,0.13875128492728292
123978045,0.13867141469376262
124068402,0.13859154446024233
124158768,0.13851167422672203
124248468,0.13843061190016412
124338578,0.1383489535270874
124430130,0.1382696793400859
124519297,0.13819040515308442
124610040,0.13810993887304532
124700122,0.13803126073256264
124790443,0.13795377468511758
124880934,0.13787152026552205
124970900,0.13778568956681367
125060979,0.13771058770544384
125152996,0.13763548584407398
125242684,0.13753117770328255
125333509,0.13747812956310862
125423569,0.13739945142262594
125513924,0.13732256142169968
125604321,0.137243883281217
125693983,0.13716580118725313
125784095,0.13708891118632688
125875696,0.13701142513888181
125964893,0.1369291707192863
126055622,0.13685287676487884
126145732,0.13677539071743378
126236135,0.13669850071650752
126326455,0.1366239949016565
126416345,0.136544720714655
126506461,0.13646604257417233
126597932,0.1363909407128025
126687109,0.13631524280491386
126777839,0.13623239233879952
126867937,0.13615252210527923
126958247,0.13607622815087178
127070248,0.13603986931322448
127162917,0.1359832448939377
127253183,0.13590039442782337
127344658,0.13582588861297235
127433857,0.13574780651900847
127524536,0.13567270465763862
127614582,0.13559581465671236
127704910,0.13552011674882372
127795201,0.1354462069804915
127884978,0.13536991302608406
127975216,0.13529063883908257
128066706,0.1352203053498632
128155877,0.13514281930241814
128246804,0.13507069767364235
128336899,0.1350021523239794
128427221,0.1349282425556472
128517488,0.1348555248803526
128607089,0.13477982697246396
128697180,0.13470353301805651
128788662,0.13463379557535596
128877819,0.13455869371398613
128968580,0.1344835918526163
129058680,0.13441325836339693
129149006,0.13434054068810233
129239413,0.1342660348732513
129329037,0.1341933171979567
129419459,0.13411761929006807
129510897,0.13404788184736752
129600061,0.1339733760325165
129690814,0.1339018504502595
129780832,0.13382972882148372
129871142,0.13375581905315148
129961396,0.13368608161045092
130050980,0.13361455602819394
130141205,0.13354064625986173
130233518,0.13344170253773957
130322734,0.1333922306766785
130413386,0.13332249323397793
130503477,0.13325275579127738
130593769,0.133182422302058
130684075,0.1331091085802446
130773682,0.13303758299798762
130863720,0.13296665346224945
130955322,0.13287665043790942
131044477,0.1328241983442543
131135162,0.13275505694807255
131225420,0.13268472345885318
131315792,0.13261558206267143
131406091,0.13253869206174518
131495759,0.1324671664794882
131585835,0.1323944488041936
131703224,0.13239087252508075
131792947,0.13231696275674854
131883720,0.13224603322101036
131973815,0.1321751036852722
132064122,0.13210655833560925
132154525,0.1320368208929087
132244321,0.13196648740368933
132334462,0.13189615391446996
132426170,0.13182999275088222
132515355,0.13175965926166286
132606062,0.1316905178654811
132696167,0.13162256856233698
132786471,0.13155461925919285
132876736,0.1314866699560487
132966303,0.13142408507157385
133056374,0.13135613576842972
133147861,0.13129057065136082
133237129,0.13122083320866026
133327852,0.1311510957659597
133417949,0.13108851088148485
133508249,0.13102056157834072
133598660,0.13095261227519658
133688227,0.13088347087901483
133778355,0.13081730971542713
133869809,0.1307487643657642
133959011,0.13065995343446177
134049730,0.13061405785251354
134139801,0.1305455125028506
134230199,0.1304805434323005
134320548,0.130413786222194
134410118,0.13034762505860628
134500225,0.1302826559880562
134591717,0.1302170908709873
134680858,0.13014735342828673
134771658,0.13008417249729307
134861734,0.1300209915662994
134952001,0.12995304226315527
135042386,0.12988807319260517
135131972,0.12982489226161148
135223081,0.12974442598157238
135315055,0.12969733830658653
135404679,0.12962640877084836
135495498,0.12956203574681707
135585650,0.1294976627227858
135676021,0.1294326936522357
135766454,0.1293677245816856
135856114,0.12930454365069194
135949034,0.1292497073709616
136038517,0.12917222132351652
136129464,0.12910963643904166
136219840,0.12904466736849157
136333262,0.12902797806596494
136423909,0.12896837341408413
136513806,0.12890221225049642
136604206,0.128828898528683
136695979,0.1287770424815467
136785437,0.12870551689928972
136876510,0.12864114387525843
136967388,0.1285731945721143
137058118,0.1285153780597899
137148687,0.12845398526835267
137238563,0.12839676480254708
137328909,0.12833477596459103
137420641,0.1282733831731538
137510076,0.1282096061956413
137601159,0.12815298177635454
137691480,0.12809337712447372
137782000,0.1280337724725929
137872629,0.12797178363463685
137962477,0.12790621851756792
138052841,0.1278466138656871
138144638,0.12778998944640033
138234136,0.12772502037585023
138325253,0.127663627584413
138415804,0.12760402293253217
138506389,0.12754382223413255
139071274,0.1285296831762413
139246944,0.12865544899170983
139346014,0.1285952482933102
139436028,0.12850941759460183
139526346,0.12844444852405174
139618154,0.12838186363957688
139707560,0.12831689456902678
139798586,0.1282531175915143
139889195,0.12819112875355826
139980041,0.12812377549693293
140070612,0.1280635747985333
140160855,0.12799979782102083
140253134,0.12790979479668077
140344928,0.12787880037770274
140434357,0.12781383130715265
140525255,0.1277524385157154
140615598,0.12769223781731578
140706195,0.12762250037461523
140796715,0.1275628957227344
140886519,0.12749852269870313
140976860,0.1274377259537847
141068647,0.12737871734842268
141158042,0.12731315223135378
141249265,0.12725414362599177
141339567,0.12719275083455453
141430383,0.1271331461826737
141520952,0.12707234943775528
141610750,0.1270091685067616
141701031,0.1269501599013996
141792730,0.1268917473425564
141882071,0.12682856641156273
141973049,0.12676896175968191
142063377,0.12670816501476348
142153998,0.1266509445489579
142244732,0.12659789640878397
142334582,0.1265341194312715
142424926,0.1264757068724283
142516811,0.12642087059269794
142606207,0.1263588817547419
142697144,0.12630046919589868
142787497,0.12624205663705548
142886999,0.12619616105510725
143001607,0.12618900849688156
143091389,0.12612999989151955
143181637,0.12607158733267634
143273358,0.12601555895990837
143362729,0.1259535701219523
143453555,0.1258957536096279
143543804,0.12583376477167185
143634243,0.12577773639890388
143724724,0.12572170802613591
143814518,0.12565614290906701
143904819,0.1256030947688931
143996539,0.12554766244264393
144085901,0.1254880577907631
144176976,0.12543083732495752
144267319,0.12537361685915194
144357847,0.12531580034682754
144448645,0.12525917592754077
144538411,0.12520016732217876
144628708,0.12514294685637317
144720344,0.12508930266968044
144809721,0.12503267825039366
144900598,0.12497366964503165
144990985,0.12491585313270726
145081475,0.12486220894601452
145172343,0.12480618057324655
145263807,0.12471796568846294
145354193,0.1246857791764473
145445839,0.12463153894323575
145535203,0.12457372243091136
145626130,0.12451888615118101
145716414,0.12446166568537541
145806880,0.12440802149868267
145897533,0.1243519931259147
145987499,0.12429060033447746
146077763,0.12423814824082234
146169479,0.1241845040541296
146258909,0.12412728358832402
146349942,0.12407244730859367
146440261,0.1240170149823445
146530793,0.12396456288868939
146621350,0.12390853451592142
146711099,0.12385310218967226
146801386,0.12379945800297952
146893077,0.12375058218843725
146982444,0.12369395776915047
147073356,0.12364090962897654
147163691,0.12358607334924619
147254280,0.12353302520907225
147344751,0.12347699683630428
147434844,0.12342275660309274
147533533,0.12338460962588901
147637587,0.12334467450912887
147726967,0.12330414334584991
147817963,0.12324930706611956
147908254,0.1231944707863892
147998722,0.12314440287880932
148089300,0.12308956659907896
148179092,0.123033538226311
148269406,0.12297989403961826
148361110,0.12292923008551956
148450423,0.12287677799186444
148541423,0.12282432589820932
148631644,0.12277068171151659
148722095,0.12271703752482385
148812577,0.12266518147768754
148902421,0.122610941244476
148992732,0.12255133659259516
149084542,0.12250901728975978
149174747,0.12245477705654824
149264586,0.12240232496289312
149354484,0.12234629659012515
149444446,0.12229384449647003
149535867,0.12224437263540895
149632679,0.12220741775124284
149727762,0.12216927077403912
149816499,0.12210608984304545
149906848,0.1220506575167963
149996513,0.12199105286491548
150086343,0.12193979286429797
150176529,0.12188376449153
150267555,0.12180210611845328
150357185,0.12178243658333261
150448245,0.1217305805361963
150536917,0.12167276402387191
150627212,0.12162388820932964
150716884,0.12156905192959927
150806728,0.12151838797550057
150896566,0.12146533983532665
150985709,0.12141229169515272
151075352,0.12135864750845998
151166380,0.12131036774043652
151255233,0.12125612750722498
151345521,0.12120486750660747
151435152,0.12115122331991474
151525015,0.12110950006359816
151615009,0.12105824006298066
151704210,0.12100638401584435
151793931,0.12095452796870804
151885049,0.12090624820068457
151974296,0.12084306726969091
152064576,0.12080313215293076
152154243,0.12075068005927564
152267444,0.12074710378016279
152359868,0.12071014889599668
152449077,0.12065173633715348
152538719,0.12060166842957358
152629761,0.12055398470806893
152718562,0.12050272470745142
152808964,0.12045265679987154
152898630,0.12040080075273522
152988505,0.12034954075211772
153078412,0.12030066493757545
153167601,0.12025000098347675
153257361,0.12020052912241568
153348492,0.1201510572613546
153437603,0.12010218144681233
153527872,0.12005390167878886
153617537,0.12000204563165255
153707441,0.11995316981711028
153797392,0.11990489004908682
153886563,0.11985482214150693
153976220,0.11980654237348347
154067191,0.11975707051242239
154155941,0.11970581051180489
154246518,0.11965991492985666
154336155,0.11961163516183318
154426042,0.11956097120773448
154515971,0.11950613492800413
154605153,0.11945785515998067
154694806,0.11941076748499482
154785939,0.11936010353089613
154874720,0.11931063166983505
154965126,0.11924387445972853
155054736,0.11921347608726932
155144635,0.11916340817968943
155235294,0.11910439957432742
155324519,0.11906923282971774
155414186,0.11902095306169427
155505172,0.11897446143322724
155593973,0.11892439352564735
155684386,0.1188767098041427
155809606,0.11891902910697807
155899466,0.11886061654813487
155989261,0.1188117407335926
156078453,0.11876226887253152
156168129,0.11872591003488422
156259294,0.11867822631337957
156348071,0.11862875445231848
156438666,0.11858345491688906
156528361,0.11853875142797844
156618230,0.11848987561343617
156708195,0.11844159584541271
156797376,0.11839450817042686
156903174,0.11837245444923096
156994188,0.11833788375114009
157082967,0.11829079607615424
157173255,0.11824311235464958
157262988,0.11819542863314493
157352886,0.11815132119075313
157442900,0.11809767700406039
157532048,0.11805058932907454
157621663,0.11800886607275797
157712817,0.1179671428164414
157801629,0.11791051839715462
157892006,0.11786462281520639
157982358,0.11782409165192743
158073261,0.11777938816301682
158168119,0.1177269360693617
158261538,0.11765719862666113
158354321,0.11766077490577398
158444805,0.1176256081611643
158535805,0.11756659955580229
158625908,0.11752070397385406
158716957,0.11748434513620676
158805719,0.11744023769381495
158896040,0.1173931500188291
158985645,0.1173490425764373
159075516,0.1173049351340455
159165423,0.1172614237381725
159254658,0.11720599141192334
159345401,0.11716128792301272
159437150,0.11712135280625258
159526133,0.11707486117778554
159616694,0.11703015768887493
159706543,0.1169848581534455
159796640,0.11694492303668536
159886756,0.11689902745473713
159976131,0.11685015164019485
160066027,0.11680664024432186
160157258,0.11676491698800529
160247383,0.1167225976851699
160337929,0.11667431791714643
160427616,0.11662961442823581
160517513,0.11658729512540043
160607381,0.11654199558997101
160696545,0.11649908024061682
160786166,0.11645914512385667
160877238,0.11641980605361534
160966088,0.11635781721565928
161056367,0.11633159116883172
161146040,0.11628867581947754
161244753,0.11626304581916878
161347872,0.11623681977234122
161436999,0.11620403721380677
161530831,0.11617244674830994
161620599,0.1161253590733241
161711957,0.11608423186352633
161802630,0.11604310465372857
161893524,0.11600316953696842
161984435,0.11596442651324589
162074639,0.11592329930344812
162165293,0.11588098000061274
162257586,0.11584700534904067
162347370,0.11580349395316768
162439071,0.1157617706968511
162529737,0.11572362371964738
162620644,0.11568428464940603
162711624,0.11564315743960826
162801812,0.11560322232284811
162892434,0.11556328720608797
162984602,0.11552871650799709
163074408,0.11548401301908648
163165936,0.11544646208840156
163256671,0.1154053348786038
163347665,0.11536659185488127
163438621,0.11532904092419635
163528816,0.11529089394699263
163619480,0.11524917069067606
163711664,0.1152163881321416
163801457,0.11517287673626861
163892780,0.11512757720083919
163984037,0.11507631720022168
164074946,0.11504889906035651
164165887,0.11501254022270921
164256184,0.11497022091987383
164346862,0.11493266998918891
164439155,0.11489988743065446
164528940,0.11485756812781908
164620317,0.11481763301105893
164710979,0.11478246626644925
164801830,0.11474253114968909
164892716,0.11470140393989132
164982877,0.11466444905572522
165073509,0.11462391789244626
165165606,0.114590539287393
165256372,0.11453987533329431
165347761,0.11451126510039152
165438741,0.11447669440230064
165529641,0.11444152765769096
165620557,0.11440457277352485
165710756,0.11436642579632113
165801388,0.11432947091215502
165918508,0.11435331277290735
166009714,0.11431099347007197
166101122,0.11427642277198109
166191721,0.11423767974825856
166282759,0.11419834067801722
166373905,0.11416436602644515
166464336,0.1141238348631662
166555222,0.11408628393248128
166647614,0.11405350137394683
166737600,0.11401297021066788
166829060,0.11397363114042654
166920304,0.11393965648885447
167011509,0.11390031741861313
167104018,0.11386693881355987
167194395,0.1138252155572433
167285315,0.11379422113826528
167377404,0.11376143857973081
167467155,0.11372090741645186
167558533,0.11368693276487979
167649138,0.11363924904337513
167740003,0.1136076585778783
167830842,0.11357785625193789
167921640,0.11353196066998966
168014090,0.11350394648360568
168110884,0.11343540113394274
168201847,0.11339963834281425
168293435,0.11335851113301648
168386643,0.1133310929931513
168480258,0.11327566066690214
168572538,0.11326075950393194
168664451,0.11321903624761537
168755007,0.11318267740996807
168866433,0.1131850615960433
168960268,0.11316479601440382
169052171,0.1131266490372001
169143369,0.11308909810651518
169234832,0.11305273926886789
169336979,0.11303426182678483
169428220,0.11300565159388204
169518617,0.11296512043060308
169609399,0.11293114577903102
169701816,0.11290193949960942
169791790,0.11286379252240569
169883374,0.11282862577779601
169974312,0.11277378949806564
170065445,0.11275829228857663
170156642,0.11272074135789172
170247756,0.11267842205505633
170369969,0.11274041089301239
170463727,0.11270405205536509
170553858,0.11266232879904851
170645416,0.11262954624051406
170736270,0.11259318740286677
170827349,0.1125592127512947
170918376,0.11252464205320382
171008769,0.11248768716903772
171099644,0.11245311647094684
171191939,0.11242331414500643
171281905,0.11238576321432152
171374338,0.11235119251623064
171465504,0.11231304553902692
171556682,0.11228324321308651
171647814,0.11224867251499564
171738262,0.11221529390994238
171831408,0.1121801271653327
171924149,0.11215509321154275
172014349,0.11211813832737665
172106025,0.112085951815361
172196987,0.11205257321030775
172288206,0.11201144600050998
172379369,0.11198700809323885
172470046,0.11195124530211036
172561311,0.11192025088313233
172653696,0.1118886604176355
172743468,0.111852897626507
172836707,0.11181892297493494
172927928,0.11179627320722021
173018976,0.11175693413697887
173109903,0.11172474762496323
173202427,0.11168958088035355
173295724,0.11162878413543512
173389252,0.11161507506550253
173491405,0.11159302134430663
173589902,0.11159421343734424
173680883,0.11155666250665933
173777610,0.11153878111109508
173869027,0.11154652971583959
173959714,0.11150719064559825
174049736,0.11147858041269545
174140030,0.11144222157504816
174233624,0.1114231480864463
174324576,0.111386789248799
174416223,0.11135281459722693
174505665,0.11131168738742916
174596445,0.11127532854978187
174686537,0.11123956575865337
174776756,0.11121095552575058
174866964,0.11117638482765971
174981630,0.11119128599062991
175071110,0.11115909947861427
175163180,0.11112989319919267
175253300,0.11107803715205636
175343931,0.11105538738434165
175433087,0.1110226048258072
175523882,0.11098982226727275
175614888,0.11095644366221949
175704215,0.1109212769176098
175793436,0.11088551412648132
175885638,0.11085749994009733
175975447,0.11079908738125412
176066055,0.11078835854391557
176155262,0.11075617203189993
176246286,0.11072219738032786
176337161,0.11069001086831222
176426580,0.11065544017022134
176515833,0.11061788923953643
176608006,0.11059106714619006
176697624,0.11055888063417442
176788231,0.11052192575000831
176877457,0.11048914319147386
176968316,0.11045814877249584
177059178,0.1104259622604802
177148529,0.11039377574846455
177237859,0.11035741691081725
177329992,0.11032821063139565
177419987,0.11029244784026716
177510558,0.1102584731886951
177599762,0.11022867086275469
177690608,0.11019767644377666
177781510,0.11017025830391149
177870893,0.11011601807069994
177960215,0.11009336830298523
178052375,0.11005760551185674
178142040,0.11002303481376587
178232632,0.10999859690649473
178321888,0.10995508551062173
178426604,0.1099527013245465
178516560,0.10993005155683179
178605925,0.10989548085874092
178695116,0.10985971806761241
178787116,0.10983229992774723
178876760,0.10979772922965636
178967548,0.1097643506246031
179056747,0.10973216411258746
179147606,0.10970057364709063
179238453,0.10967136736766903
179327912,0.10963739271609696
179417159,0.10960461015756251
179509187,0.10958613271547946
179619039,0.10958553666896065
179709699,0.10956944341295283
179798938,0.10953248852878672
179889804,0.10950507038892154
179980560,0.10947169178386829
180069951,0.10944010131837145
180159148,0.10940612666679939
180252162,0.10936499945700162
180342307,0.10935069434055023
180433188,0.10931671968897816
180522735,0.10928572527000013
180613594,0.10925830713013496
180704548,0.10922671666463812
180793907,0.10919393410610367
180883123,0.10916055550105042
180975268,0.10913671364029809
181064968,0.10910571922132006
181155451,0.10907532084886085
181244947,0.10904015410425116
181335892,0.10901452410394241
181426615,0.10898710596407724
181515982,0.10895134317294874
181605197,0.10892034875397072
181697204,0.10889114247454912
181786877,0.10886014805557108
181877413,0.1088321338691871
181966889,0.1087963710780586
182057755,0.10877133712426866
182148538,0.10874391898440348
182238082,0.10871173247238784
182327310,0.10867894991385339
182419412,0.10865391596006345
182509141,0.10862053735501019
182599662,0.10858119828476885
182688559,0.10855318409838487
182779090,0.10852397781896327
182868360,0.10849357944650405
182959252,0.10846318107404483
183050115,0.10843576293417966
183159255,0.1084387431667737
183251075,0.10842264991076588
183340485,0.10839165549178785
183430105,0.10836066107280982
183522478,0.10833622316553869
183612176,0.10830403665352305
183702691,0.10827542642062025
183791927,0.10824383595512342
183882840,0.10821641781525825
183973650,0.10818840362887426
184063077,0.10815919734945266
184152315,0.10813356734914391
184261473,0.10813416339566272
184352282,0.10812045432573013
184442874,0.10809065199978972
184531903,0.1080602536273305
184622620,0.10803402758050294
184713201,0.10800541734760015
184802415,0.10797501897514093
184891457,0.10794462060268172
184983597,0.10789872502073347
185073312,0.10788799618339492
185163814,0.10786117409004856
185253935,0.10782421920588245
185344934,0.10780395362424297
185435913,0.10777891967045303
185525349,0.1077473292049562
185614572,0.10771693083249698
185706731,0.10769308897174465
185796403,0.10766209455276662
185886957,0.10763706059897668
185976187,0.10760547013347985
186067099,0.1075798401331711
186157896,0.10755301803982473
186247602,0.10752261966736551
186336852,0.10749400943446272
186429230,0.10747016757371039
186519110,0.10744096129428879
186609553,0.10741473524746123
186699863,0.10738493292152082
186793481,0.10736943571203181
186883310,0.10733784524653497
186973591,0.1073110231531886
187065251,0.10728420105984224
187154691,0.10725737896649587
187245829,0.10722400036144261
187336147,0.10719717826809624
187426688,0.10717035617474988
187517093,0.10714234198836589
187606869,0.10711969222065118
187697008,0.10708690966211673
187788492,0.10706127966180798
187877722,0.10703505361498042
187968692,0.10700048291688954
188058804,0.10698200547480649
188149082,0.10695697152101655
188239389,0.10692776524159493
188329006,0.10690094314824856
188419043,0.10687292896186458
188510405,0.10684908710111225
188599563,0.10682166896124708
188690369,0.10679365477486309
188780410,0.10676862082107315
188891429,0.10678769430967501
188986075,0.10678888640271263
189075714,0.10675133547202771
189165785,0.10672630151823777
189257301,0.10669888337837259
189346460,0.10667384942458265
189437467,0.1066482194242739
190430163,0.10861815316893496
190520404,0.10857464177306196
190610705,0.1085406671214899
190700282,0.10850848060947425
190790332,0.10847629409745861
190881716,0.10844470363196178
190971180,0.10841311316646494
191061886,0.10838152270096811
191151940,0.10835529665414055
191242327,0.10832132200256848
191332591,0.1082933078161845
191422172,0.10826112130416886
191512227,0.10823131897822845
191603604,0.10820270874532566
191692769,0.10817231037286644
191799701,0.1081693301402724
191890315,0.10815383293078339
191980850,0.10811389781402324
192071259,0.10808528758112045
192161052,0.10805608130169884
192251437,0.1080232987431644
192343070,0.10799826478937445
192432884,0.10796905850995285
192524075,0.10793985223053125
192614374,0.10791124199762846
192704918,0.10788263176472565
192795368,0.10785342548530405
192885210,0.10782481525240126
192975494,0.10779501292646085
193067153,0.10776819083311448
193156594,0.10773600432109884
193247626,0.10771037432079009
193337995,0.10768295618092491
193429157,0.1076525578084657
193520015,0.10762275548252528
193609925,0.10760129780784819
193700169,0.10757209152842659
193791848,0.10754228920248618
193884818,0.10752321571388432
193976819,0.10750295013224484
194067558,0.10746539920155992
194160160,0.10743202059650667
194252050,0.10741354315442361
194343174,0.1073831447819644
194433486,0.1073610910607685
194524264,0.10733724920001617
194614756,0.10728598919939866
194704366,0.10727943268769177
194794626,0.10725022640827017
194886348,0.10722519245448023
194975695,0.10719777431461505
195066506,0.10717154826778749