1655943740800521,d0,d1,d2,d3
21983,4.3499319970526695
52660,4.348217171218058
78317,4.347278993997454
101961,4.3464051898008815
127944,4.345782321188727
151316,4.345056336528819
176631,4.343929212561752
200170,4.343672316512145
224970,4.342822354176325
249300,4.342447440915994
273015,4.341931860677225
296326,4.341542046253925
321818,4.3413405825305675
344713,4.3408714939202655
369492,4.340565126009598
392787,4.34021405461002
417040,4.33996907949079
441149,4.339857022745254
464652,4.339491646229225
488416,4.338946263664515
514380,4.338776986453174
537443,4.338119547142928
561888,4.337701122486725
585473,4.3374627038792015
610851,4.3369840785245986
636529,4.336232463864381
664283,4.335425416877915
699638,4.334261338026683
739230,4.33402768779131
775401,4.33280758056731
817603,4.33150700706327
853583,4.330030599836182
882287,4.328383723304715
909956,4.327340641896801
938348,4.326233187464855
974475,4.325152555126256
1013913,4.323225536730949
1046122,4.31883923039904
1077310,4.321706214154507
1112877,4.319958605761362
1146698,4.3182533166710515
1174937,4.31817404248405
1203095,4.317042746191352
1228577,4.316391267346295
1254459,4.315554418033888
1280569,4.314861811979033
1306636,4.3119858875257835
1332545,4.31295803939796
1360541,4.312252320319691
1393392,4.311583556125588
1423988,4.31154242891579
1449427,4.312267221482661
1475188,4.312018074037799
1502033,4.310988701699817
1526786,4.312558092183839
1552356,4.313161887307392
1577417,4.313749589174937
1601436,4.314172782203291
1626311,4.314439214997198
1652875,4.315462626869992
1678556,4.316012181760333
1705104,4.3165009399057555
1729001,4.31654385525511
1754972,4.31713394130873
1779612,4.317231692937814
1805070,4.318218745972961
1830331,4.318502464115913
1854625,4.3186478994665025
1880149,4.318708696211421
1911830,4.319267191799544
1936157,4.320006289482866
1962162,4.320423522046032
1985929,4.320333519021692
2011392,4.320158281345162
2040475,4.319983639715152
2065481,4.31998960018034
2090247,4.3204843187909505
2116069,4.3203663015802265
2140033,4.320011653901536
2165927,4.319065132029668
2190852,4.320502796233034
2216160,4.320942678563914
2240602,4.321089306007541
2266811,4.320804991818069
2300154,4.320828237632303
2343718,4.321764030666832
2386631,4.322950759285779
2419220,4.322836914400686
2449982,4.32254485160647
2481420,4.322607436490945
2513304,4.322414317418851
2544349,4.322369613929941
2575136,4.322288551603383
2608373,4.3222897436964205
2639013,4.32200483346043
2671802,4.321996488809167
2703060,4.32231477765021
2735319,4.322798171376964
2767127,4.323217192079686
2798545,4.3234424976637955
2830060,4.3238680748782246
2863689,4.324114242090492
2894949,4.324372330233136
2927766,4.324622669771036
2960232,4.323931851855737
2993013,4.323971786972497
3026160,4.32397536325161
3060808,4.323669591387461
3099650,4.3240206627870394
3137299,4.323618331386844
3168746,4.323394217895772
3201520,4.3231474546369855
3232951,4.3229889062629825
3264559,4.322818436958603
3295989,4.322792806958295
3326988,4.322667041142826
3357511,4.3221002009034395
3389670,4.3217056181079885
3418210,4.321510114849819
3448365,4.321448126011863
3477033,4.321280040893559
3516149,4.321047582751224
3554508,4.321715154852289
3585996,4.32213477160153
3616525,4.321613230897573
3650391,4.32126454368407
3681093,4.3209349299591695
3714532,4.320350208324219
3746155,4.319972314831294
3779255,4.31897930133096
3809072,4.318535842720967
3838271,4.318295039927368
3867138,4.317859925968638
3900245,4.317257918984642
3931857,4.317356266660245
3964735,4.317154802936888
4006667,4.317524351778549
4050056,4.317114271773609
4082210,4.317155398983407
4113370,4.317169108053339
4144683,4.3167494913040985
4177856,4.31609860850556
4208680,4.316248216181781
4241144,4.3160127778068516
4272038,4.315502561986752
4304159,4.315436400823164
4336067,4.3151646036105875
4367057,4.3150155919808855
4397863,4.314625181511066
4430759,4.314510144532936
4461033,4.314495243369966
4493135,4.314486898718703
4523831,4.314278878483639
4555217,4.314426101973784
4594167,4.314397491740881
4625498,4.314776577326843
4656161,4.314502395928192
4689668,4.314294375693128
4723368,4.3143599408101965
4756360,4.314266361506744
4787932,4.314143575923869
4820483,4.313649453359777
4850830,4.313709654058177
4883530,4.313759721965757
4915823,4.313889064060338
4947581,4.3141298668539365
4979319,4.3144779580209205
5013495,4.314766444536024
5045482,4.314756311745204
5079883,4.314271725925413
5109229,4.313830651501495
5139622,4.313648857313258
5171465,4.313053406840969
5198476,4.313872374757811
5223032,4.314339675228557
5251868,4.314140595691275
5276564,4.315014995934367
5302060,4.31553355640573
5325754,4.315342821519711
5351248,4.31523851337892
5376733,4.31508354128403
5401521,4.314675845465165
5426685,4.313841380338833
5453109,4.311576999613881
5477821,4.307153142351287
5504439,4.30074027785543
5537347,4.287552748626799
5574240,4.273125442639046
5601721,4.265955003017783
5626408,4.251210600282025
5651035,4.241262583883117
5677700,4.2361645980077505
5700964,4.227419403483797
5726963,4.2196582817623955
5751725,4.213713909830321
5776943,4.219835307578482
5802000,4.219771530600969
5826019,4.213896300065076
5850790,4.205556417173912
5877441,4.207458997661948
5904923,4.2101006758333055
5939513,4.209299589312027
5972888,4.20824816325285
6006439,4.205250645309763
6038193,4.201899671781024
6069007,4.200304055250174
6099612,4.2007570506044685
6132093,4.203042889004098
6162625,4.2014156820077515
6195012,4.199767613383247
6225710,4.197432303122556
6257921,4.195697807752825
6290030,4.1936754219145085
6321205,4.191903375614092
6352745,4.190719627227739
6385958,4.189000033020977
6416731,4.186504386246727
6449812,4.185433886698948
6481600,4.183540842955213
6513999,4.181309244788795
6546394,4.1802363610549405
6578055,4.17794098591101
6609415,4.175212880994425
6643031,4.170402189541124
6674097,4.17098929536215
7098519,4.16570832320551
7132478,4.1608684254727875
7166509,4.141461746866911
7200505,4.136949674719533
7234293,4.136307732618777
7265909,4.130704299295461
7299613,4.126537934128992
7331207,4.126049175983569
7364378,4.1233538536255185
7397490,4.119585051487094
7429589,4.115465773995611
7461793,4.115075363525792
7495980,4.112918271174225
7527268,4.1076992878555405
7561260,4.10231341151159
7592870,4.095128070727357
7626328,4.0859763724775755
7658850,4.0709244097381125
7690677,4.054624325588265
7722767,4.000193357490701
7756854,3.75326082149277
7788294,3.347724479165611
7822186,2.7724215713049856
7853855,1.918497314273991
7887194,1.7353471202072048
7919886,1.6669430335692208
7952098,1.6057672030648236
7984038,1.5457894260632308
8018226,1.4920963635559514
8049567,1.4551927393904613
8082570,1.42972247954875
8114523,1.4128591314386285
8147036,1.401003170133015
8179626,1.392059492118298
8211481,1.385145948546642
8243391,1.3795282101068747
8277910,1.374353334230582
8309451,1.3704182351134104
8340185,1.367159648795086
8369756,1.3641460375959917
8399579,1.3614215089585195
8431012,1.3588453959042306
8491390,1.355413956095452
8522614,1.3535143558400102
8555651,1.3517464818652252
8586006,1.3501311957992548
8618351,1.3485963760133237
8649640,1.347240370183035
8681055,1.3459928448191696
8713093,1.344835322479644
8744113,1.3437499217688944
8774985,1.3427771738501995
8807823,1.3417334963957663
8838369,1.340892474757728
8870318,1.340159337539594
8901309,1.3392199682259522
8933151,1.3384558365888402
8964829,1.3376923009982469
8995554,1.3370628758743854
9027074,1.3363851709825005
9059976,1.3357062739975778
9090511,1.3352866572483368
9123155,1.3345410030533078
9154367,1.3340289990936516
9187238,1.3334854046684985
9219440,1.3330157200116777
9251424,1.3325406709361876
9282838,1.33210436488442
9316045,1.3316799797630285
9347209,1.3312430776647421
9379838,1.3310189641736703
9410838,1.3304628527716222
9443002,1.3299454843932967
9476177,1.3299496567189284
9507933,1.3294364606662346
9540459,1.3291563188023947
9571961,1.3288469706591333
9603425,1.3283111248387247
9639598,1.3283081446061307
9670671,1.3280512485565243
9703950,1.3279678020438912
9735533,1.3275493773876879
9768942,1.3272406252909452
9805582,1.3269765766831132
9838686,1.3270451220327761
9869650,1.3266827257493408
9903095,1.3264866264446529
9935276,1.3264359624905542
9968479,1.3262774141165512
10002684,1.3259430320194998
10036827,1.3257087857376082
10078702,1.3252343327086369
10120867,1.3252414852668626
10147345,1.3248850494486153
10173001,1.3250453859621747
10199013,1.3248498827040056
10224256,1.3248087554942078
10247901,1.3246955066556343
10274532,1.3247378259584697
10299473,1.3241405873466239
10325937,1.3243736415354779
10350817,1.3243623166516205
10375519,1.3242228417662194
10401035,1.3241358189744734
10426004,1.3234897045480853
10450931,1.3240154175776742
10477701,1.323938527576748
10500989,1.3239921717634406
10527055,1.3237305073416838
10551907,1.3236363319917122
10577684,1.3236601738524645
10603261,1.3235832838515382
10627696,1.3234974531528299
10652529,1.323325791755413
10679386,1.3231690315209665
10703973,1.3234587101291073
10729724,1.3233019498946608
10754402,1.3233514217557218
10779924,1.3230700877988444
10805913,1.3229693559371658
10831107,1.3232369808241107
10861988,1.3230569747754306
10895813,1.32303730524031
10927467,1.3229651836115341
10960274,1.3230522064032801
10992072,1.3228513387264418
11024898,1.3228036550049371
11057357,1.3229055789596533
11088821,1.3226939824454764
11120600,1.3226468947704906
11154925,1.3226218608167006
11185822,1.3225515273274813
11219342,1.3225944426768355
11251552,1.3224954989547133
11285319,1.322335162441154
11318042,1.3224239733724563
11349509,1.3224198010468247
11380798,1.3223685410462072
11413993,1.3223405268598232
11445287,1.3221760180206321
11478501,1.3223148968595144
11509809,1.3222576763937088
11559678,1.3222171452304299
11592407,1.3221682694158876
11623971,1.3221849587184142
11655523,1.3221426394155789
11688601,1.3221217777874206
11719374,1.3221068766244504
11751503,1.3220824387171792
11782413,1.32207707429851
11814127,1.322049060112126
11846057,1.3220854189497733
11877106,1.322049060112126
11908236,1.322064557321615
11940889,1.3220812466241416
11971254,1.3220818426706604
12003308,1.3220597889494645
12034073,1.322170057555444
12065796,1.322058000809908
12097733,1.3220204498792232
12128740,1.322154560345955
12159892,1.3219483282504474
12193887,1.3220222380187796
12224481,1.3220627691820586
12257610,1.3220073368558094
12289278,1.3221593287181055
12321486,1.321999588251065
12353561,1.3221706536019628
12384893,1.32214204336906
12416756,1.3219912435998016
12450205,1.3219823029020195
12481306,1.3221444275551353
12513783,1.3221623089506995
12545361,1.3221164133687513
12577706,1.3221593287181055
12610158,1.3220019724371401
12644469,1.3219751503437938
12675768,1.322030582670043
12709397,1.3218428280166183
12740316,1.3221342947643155
12773431,1.321915545691913
12804585,1.3218726303425588
12836874,1.3219787266229066
12869203,1.3220031645301777
12900323,1.3219787266229066
12931493,1.3220317747630805
12964895,1.3219578649947483
12995869,1.3219703819716433
13028536,1.3220752861589535
13059650,1.3220436956934567
13091791,1.3220818426706604
13123627,1.3217373277827893
13154832,1.3220931675545178
13202883,1.322313108719958
13237540,1.3223166849990708
13268076,1.3221962836022716
13300807,1.3221968796487904
13332079,1.3222344305794753
13365410,1.3222296622073249
13397797,1.3222189333699863
13428891,1.3222606566263029
13460499,1.3222552922076336
13493972,1.3222749617427543
13525112,1.3223095324408451
13557518,1.322477617559149
13588582,1.3223482754645677
13620725,1.3223643687205755
13653580,1.3223631766275379
13685504,1.3223399308133044
13717276,1.322356620115831
13751205,1.3223947670930347
13782736,1.322409668256005
13815861,1.3224198010468247
13847843,1.3224460270936522
13880645,1.322459140117066
13913240,1.3224758294195926
13945562,1.3226254370958135
13977827,1.3225199368619844
14011640,1.3225258973271725
14045429,1.3225783494208276
14082670,1.3226009991885423
14114213,1.3226337817470768
14145885,1.3226355698866332
14179878,1.322648682910047
14211218,1.3226915982594012
14245137,1.3227243808179356
14277285,1.32260219128158
14309430,1.3227392819809058
14342051,1.322788753841967
14372527,1.3228489545403666
14403909,1.3228680280289684
14437333,1.3228805450058634
14467951,1.3230826047757394
14500893,1.3230873731478898
14532264,1.3229604152393837
14564435,1.3229890254722865
14600229,1.3230241922168962
14632616,1.3230516103567613
14664615,1.3230420736124604
14695556,1.323232808498479
14727053,1.323239365010186
14760088,1.3231016782643412
14791085,1.3231374410554697
14823629,1.3231326726833192
14873217,1.3231964496608317
14904650,1.323204794312095
14936304,1.3233836082677375
14967193,1.3232697633826451
14998029,1.323316851057631
15032257,1.3233400968718645
15064290,1.3232727436152392
15096759,1.3232411531497423
15127249,1.3233365205927516
15162023,1.323089757333965
15187609,1.3235165266414317
15211199,1.3234092382680462
15235891,1.3234014896633017
15262666,1.323531427804402
15286967,1.3234485773382876
15311952,1.323484340129416
15336275,1.3234867243154913
15362244,1.322999754309625
15387557,1.3235105661762436
15412194,1.3235850719910947
15435418,1.3235916285028015
15461485,1.3235773233863501
15486099,1.3234914926876418
15511721,1.3238085894356477
15535214,1.3238330273429189
15561043,1.3236881880388485
15586430,1.323468842919927
15611315,1.3237936882726775
15637981,1.3238562731571524
15663686,1.3237215666439017
15687369,1.323745408504654
15713230,1.3237567333885114
15737505,1.3237817673423014
15764955,1.3238538889710771
15790366,1.323754945248955
15815134,1.3239927678099594
15839806,1.323745408504654
15866445,1.323895016180875
15897200,1.3241566806026317
15929354,1.3240386633919077
15960903,1.3240863471134123
15993048,1.3241036324624578
16025802,1.324261584789942
16056933,1.3243056922323337
16087128,1.3243003278136645
16118517,1.324170985719083
16146949,1.3241954236263542
16178697,1.324252048045641
16210106,1.3242216496731818
16242272,1.3242907910693635
16284495,1.324323573627898
16326650,1.3243521838608008
16357199,1.3244052320009747
16389822,1.324413576652238
16420159,1.3244779496762693
16452277,1.3246114640964823
16482763,1.3245208650256235
16514473,1.3245274215373304
16545867,1.3245560317702332
16576649,1.3247622638657408
16607980,1.324733653632838
16641271,1.3247628599122596
16672084,1.324649611073686
16704975,1.324708619679048
16735468,1.3246734529344384
16767600,1.3247515350284023
16799484,1.3249160438675933
16831071,1.3248010068894633
16862615,1.3248045831685762
16895729,1.3248397499131859
16926918,1.3248379617736294
16959582,1.32488266526254
16990961,1.3249470382865713
17023335,1.3249583631704287
17055604,1.3249786287520682
17086935,1.3250090271245274
17118265,1.3250126034036402
17150886,1.3252009541035836
17181615,1.325016179682753
17213818,1.325063267357739
17244691,1.3251151234048753
17277173,1.3252158552665538
17309022,1.3251616150333423
17340026,1.3250495582878064
17370450,1.3253744036405568
17403416,1.3252140671269974
17434036,1.3252289682899676
17466048,1.325268307360209
17496592,1.3252879768953296
17528323,1.3253511578263233
17559510,1.3253404289889847
17590562,1.3254328161994
17621024,1.3254238755016179
17653855,1.3254179150364298
17684369,1.325491824804762
17715916,1.325672426899961
17746539,1.3256700427138857
17778617,1.3255681187591695
17810556,1.3255234152702589
17841742,1.3256092459689672
17873418,1.325628915504088
17923355,1.3258232266692194
17954177,1.325718918528428
17987603,1.3256980569002697
18021692,1.3256366641088324
18056534,1.3257999808549858
18090446,1.3256885201559687
18122293,1.3258530289951598
18154631,1.3258464724834529
18188778,1.325911441554003
18219627,1.325901904809702
18253180,1.325954952949876
18284539,1.3261200578355858
18316339,1.3260533006254793
18348442,1.3260437638811784
18379725,1.3260771424862317
18410611,1.326088467370089
18443315,1.3262672813257315
18474074,1.326119461789067
18506121,1.3258673341116112
18536760,1.326169529696647
18568433,1.3261981399295497
18600105,1.3258381278321896
18631092,1.3262946994655966
18661978,1.3261951596969557
18694705,1.3262547643488365
18725267,1.3263560922570339
18759599,1.3263876827225307
18790762,1.3263471515592518
18822229,1.3265843780737374
18853627,1.326477089700352
18884321,1.3265021236541419
18914825,1.3267119320287624
18947339,1.3267423304012216
18977706,1.326604047608858
19009608,1.3266463669116935
19040432,1.3266678245863706
19072282,1.3268883617983296
19102722,1.3267769010993125
19131492,1.3267840536575382
19165848,1.32680312714614
19196291,1.326843658309419
19227049,1.3268353136581557
19261413,1.3268913420309236
19290862,1.3269193562173076
19322324,1.3269503506362856
19351836,1.326961675520143
19382421,1.3269759806365944
19413854,1.3268883617983296
19446042,1.3269038590078186
19478401,1.3267614038898234
19510377,1.3269014748217434
19561042,1.327157178778312
19594543,1.3273580464551504
19626211,1.327216187383674
19658952,1.327231684593163
19690625,1.3272984418032696
19723104,1.327322283664022
19755640,1.327359238548188
19787242,1.3273675831994514
19819066,1.3274146708744372
19852522,1.3274146708744372
19884054,1.3274921569218823
19917015,1.3274903687823258
19948719,1.327654281574998
19981403,1.3275392445968681
20014091,1.3275595101785076
20049014,1.3275463971550938
20082021,1.327660838086705
20108495,1.327657857854111
20134615,1.327632823900321
20161316,1.3275827559927411
20186392,1.327555337852876
20212460,1.3278146180885575
20238489,1.3277347478550372
20263402,1.3277335557619996
20288908,1.327669778784487
20315800,1.3277311715759244
20340648,1.3278134259955199
20366651,1.3279576692530715
20390868,1.3278819713451828
20416411,1.3278831634382204
20442130,1.3278187904141892
20467091,1.3278706464613255
20492121,1.328120389952706
20518266,1.327980915067305
20543304,1.3279761466951545
20569828,1.3275154027361158
20594739,1.327974954602117
20622284,1.328067937859051
20647752,1.3280744943707579
20672409,1.2891610013438466
20697516,1.3280166778584335
20724593,1.289181266925486
20749050,1.3281901273954067
20774326,1.3281823787906621
20800986,1.328179994604587
20833328,1.328413048793441
20865801,1.3283033762339802
20897492,1.3279821071603426
20929127,1.3283588085602294
20962597,1.2891961680884563
21001353,1.3284571562358327
21046991,1.32851854902727
21080349,1.3284833822826603
21113629,1.3285322580972025
21145688,1.3285459671671351
21176932,1.3285912667025646
21208011,1.3287283574018904
21241700,1.328614512516798
21273113,1.3286091480981288
21306087,1.3286562357731146
21337707,1.3286973629829124
21370348,1.3287003432155065
21402815,1.3287301455414469
21434196,1.3288112078680048
21465898,1.328860083682547
21499341,1.328835049728757
21531060,1.3290400897312271
21564042,1.3289024029853824
21595776,1.328984657404978
21628796,1.3289620076372632
21661141,1.328953662986
21693028,1.329180160663147
21724815,1.3290692960106487
21758620,1.329093137871401
21790900,1.3290573750802726
21823251,1.3291622792675828
21854373,1.3291455899650562
21886437,1.3291938697330796
21917520,1.3292069827564934
21946789,1.329254666477998
21975723,1.3292749320596375
22007556,1.3294859325272956
22038350,1.3294948732250778
22071261,1.3294144069450387
22102175,1.329422751596302
22134431,1.3293983136890308
22166942,1.3294483815966107
22198350,1.3294740115969195
22229915,1.3296242153196591
22263379,1.3295598422956278
22294661,1.3295181190393113
22327813,1.3295759355516357
22359754,1.3295956050867563
22392664,1.3295008336902658
22425743,1.3297940885775195
22456816,1.3296659385759757
22488402,1.329711834157924
22521887,1.3297434246234208
22553035,1.3297565376468345
22585964,1.329783359740181
22617741,1.3298393881129489
22683255,1.3298942243926792
22715749,1.3300795948600286
22749722,1.3298840916018595
22783951,1.329984823463538
22819328,1.3300301229989675
22850459,1.3300384676502308
22883128,1.3300521767201634
22914536,1.3301207220698263
22947325,1.3301183378837511
22979820,1.3301380074188718
23011565,1.3301487362562103
23043491,1.330161849279624
23077265,1.3301815188147448
23108626,1.3302262223036554
23141505,1.330407420445373
23173283,1.3303138411419202
23205324,1.3303305304444468
23243149,1.3303913271893653
23275541,1.330345431607417
23307297,1.3304312623061254
23340636,1.3305033839349012
23371096,1.330519477190909
23403906,1.3305278218421723
23435226,1.3306887544022505
23468049,1.33059398300576
23500933,1.330600539517467
23532812,1.3306631244019418
23564590,1.3306577599832725
23598030,1.3305677569589325
23629641,1.330737034170274
23662574,1.3307489551006502
23694388,1.3308121360316438
23727120,1.3308258451015764
23759596,1.3308228648689824
23791159,1.330905119288578
23825986,1.3309414781262252
23857605,1.3309659160334963
23890744,1.33116916789641
23922610,1.3310434020809414
23955070,1.3310612834765057
23987538,1.3310588992904304
24019540,1.331110159291048
24051327,1.33128420487454
24085848,1.3311930097571623
24117482,1.3311995662688691
24150798,1.3312490381299302
24182835,1.3312973178979537
24215399,1.3312728799906826
24247921,1.3313503660381276
24279778,1.331355134410278
24311956,1.3313908972014066
24363968,1.331187645338493
24396090,1.3313837446431809
24428966,1.3314105667365272
24460591,1.3314034141783015
24493100,1.331467191155814
24525545,1.3315065302260554
24557290,1.331551233714966
24588934,1.331597725343433
24622556,1.3315959372038766
24663786,1.3316346802275991
24699186,1.3316829599956226
24732154,1.3317300476706084
24770586,1.331808725811091
24806255,1.331824819067099
24838833,1.331892768370243
24870264,1.3318665423234155
24903611,1.3319702544176881
24934726,1.3319464125569358
24967399,1.3320131697670423
24998660,1.332011381627486
25031080,1.3320489325581708
25064358,1.3320495286046896
25097914,1.3320024409297038
25127833,1.3320376076743135
25156622,1.3317521013918043
25181695,1.3322217860486252
25207934,1.3321359553499168
25233101,1.3320125737205235
25259022,1.332321921863785
25284835,1.332393447446042
25309187,1.3323785462830717
25334667,1.332368413492252
25362180,1.3318796553468293
25387046,1.3323082127938524
25413376,1.3324560323305168
25437771,1.3325436511687816
25463844,1.3325215974475857
25490132,1.3324190774463507
25515482,1.3324095407020498
25539761,1.3324703374469682
25566697,1.3325031200055026
25592175,1.3325037160520214
25618952,1.3320936360470814
25646182,1.3326712051238065
25671940,1.3325978914019931
25697032,1.3325895467507298
25722673,1.332622925355783
25747866,1.3325722614016844
25775094,1.332626501634896
25799701,1.332709948147529
25825417,1.3327200809383488
25893864,1.3329686323366918
25926112,1.3329108158243674
25960851,1.3329012790800665
25995442,1.332958499545872
26030099,1.333114067687281
26064662,1.333027044895535
26095875,1.3330413500119864
26129600,1.3330729404774833
26161149,1.3330878416404535
26194012,1.3331438700132214
26227172,1.3331647316413797
26260101,1.3331724802461242
26292386,1.3332738081543216
26325911,1.3332213560606665
26357354,1.333272616061284
26390533,1.3333024183872244
26421882,1.3333489100156914
26454732,1.3333512942017667
26487691,1.333403150248903
26520179,1.3336028258327037
26551923,1.3334502379238888
26586147,1.3335050742036192
26617528,1.333505670250138
26650939,1.333543221180823
26682728,1.3337351481598791
26715141,1.33376971885797
26747974,1.3336433569959827
26779756,1.3335050742036192
26811885,1.3337178628108337
26846383,1.3337226311829842
26877503,1.3336993853687507
26910295,1.333915750255078
26941472,1.3337941567652412
26974405,1.3338281314168132
27007512,1.3338323037424449
27039257,1.3338889281617317
27071257,1.333887736068694
27105322,1.3340754907221186
27136928,1.333962241883545
27169962,1.3339759509534777
27201256,1.3340075414189745
27234134,1.3342256944448583
27267575,1.3340796630477503
27299450,1.3341261546762173
27330758,1.3341350953739994
27364956,1.3341654937464587
27396405,1.3342322509565652
27429422,1.3342346351426404
27460683,1.3342435758404225
27493653,1.3343031804923033
27526855,1.3343216579343864
27577016,1.3343872230514553
27607352,1.3343907993305681
27640946,1.334388415144493
27672616,1.3343919914236058
27705609,1.3344575565406747
27737139,1.3344700735175696
27770542,1.334375898167598
27802958,1.3342972200271153
27835010,1.3343931835166434
27867129,1.3346405428219488
27901138,1.3344134490982829
27933089,1.334617893054234
27966402,1.3346172970077153
27998704,1.3346846502643406
28031848,1.3347692888700113
28065599,1.3347740572421618
28098408,1.3349838656167823
28130746,1.3348920744528858
28165223,1.334925453057939
28197220,1.3349439305000221
28230780,1.3349874418958951
28262956,1.3350387018965126
28295782,1.3350077074775346
28329198,1.3350398939895503
28362128,1.3350983065483935
28394865,1.3351644677119812
28429530,1.3351942700379216
28461477,1.3352169198056363
28494908,1.3352872532948556
28530090,1.3353224200394653
28562965,1.3353444737606612
28594658,1.3353706998074888
28625858,1.3353832167843838
28659913,1.3353987139938728
28690526,1.3354052705055797
28722991,1.3354934853903633
28754169,1.3354964656229573
28787126,1.3355197114371908
28820323,1.335590640972929
28852414,1.3356138867871625
28884811,1.3356323642292456
28918565,1.335680643997269
28949636,1.3357110423697283
28982993,1.3357348842304806
29015143,1.33575514981212
29047729,1.3357921046962862
29080404,1.3358380002782344
29112327,1.3358529014412046
29144412,1.3358809156275886
29177924,1.336047808652855
29218030,1.335985819814899
29263868,1.336004893303501
29295708,1.335992376326606
29327859,1.336026350978178
29360290,1.3361062212116983
29391537,1.3361485405145337
29423027,1.3361795349335117
29456154,1.3361699981892108
29487243,1.3363374872609959
29519870,1.3362206621433095
29550733,1.33629039958601
29582810,1.3363106651676495
29614899,1.3365151091236007
29646722,1.3363351030749206
29677556,1.3364203377271102
29710260,1.336461464936908
29740599,1.3364662333090584
29772783,1.3365198774957512
29803287,1.3365741177289627
29835005,1.3365991516827527
29866409,1.3366372986599564
29897031,1.3368059798247791
29928323,1.3366772337767165
29961671,1.3367082281956946
29992354,1.3367278977308152
30025053,1.3367714091266882
30060558,1.336659948427671
30095207,1.3367773695918763
30127409,1.3368077679643355
30159673,1.3368351861042007
30186625,1.3368333979646443
30212564,1.336909095872533
30237550,1.3368864461048182
30263819,1.3370968505259575
30288565,1.3369317456402476
30314418,1.3369931384316849
30339053,1.3370527430835657
30363844,1.3370354577345203
30388395,1.3370229407576253
30415150,1.3370962544794387
30439613,1.3371624156430264
30464924,1.3371463223870186
30489460,1.3371498986661314
30515017,1.3372798368072316
30540861,1.3372333451787646
30565377,1.33736566750594
30589971,1.3374020263435873
30616677,1.3373150035518413
30641736,1.3371671840151769
30667826,1.3373150035518413
30691971,1.3373758002967597
30735970,1.337402622390106
30763114,1.3374753400654007
30787613,1.3375820323922674
30812978,1.3375599786710715
30839320,1.3373853370410607
30863914,1.3374938175074838
30895323,1.3377304479754506
30926191,1.3376350805324413
30958204,1.3376958772773597
30990290,1.3378884003029348
31022023,1.3377489254175337
31053334,1.3377715751852484
31086841,1.33780078146467
31117760,1.3378431007675053
31150223,1.3378788635586338
31181366,1.337931315652289
31213928,1.33795575355956
31246307,1.3379915163506886
31278077,1.3380326435604863
31309755,1.3381947682136022
31343997,1.338092844258886
31375086,1.3381125137940066
31407982,1.3381435082129847
31439777,1.3381464884455787
31472115,1.3383300707733716
31504914,1.3382114575161288
31536491,1.3382096693765724
31567785,1.3382716582145284
31601575,1.338294904028762
31632650,1.3383080170521757
31665689,1.338356892866718
31696443,1.3383896754252524
31728579,1.3384010003091098
31760523,1.338437955193276
31791729,1.3386441872887835
31823658,1.3385017321707884
31857249,1.3385732577530454
31888610,1.3385810063577899
31950925,1.3386513398470092
32052090,1.3388247893839824
32083072,1.3388098882210122
32119834,1.3389332698504055
32154436,1.3388528035703664
32190073,1.3388730691520059
32222183,1.338904063570984
32255377,1.338935057989962
32288590,1.338884990082382
32320096,1.3389857219440606
32350743,1.3390459226424603
32384616,1.3390649961310621
32415203,1.3391162561316796
32447805,1.3391669200857783
32479459,1.3391871856674178
32511467,1.3392187761329146
32543960,1.3392473863658174
32576219,1.3392652677613817
32607674,1.3392849372965023
32644156,1.3384921954264875
32675306,1.3393785165999552
32708027,1.3395448135787027
32739239,1.3394583868334755
32771549,1.3394709038103705
32803783,1.3395018982293485
32835179,1.3395167993923187
32866172,1.339689652882773
32899125,1.3395895170676133
32929867,1.3394440817170241
32962206,1.339621703579629
32993370,1.3396288561378547
33025231,1.339851777535889
33057099,1.3395543503230036
33088556,1.339733760325165
33119317,1.339780251953632
33152361,1.3397373366042777
33183159,1.3398493933498137
33215130,1.3398803877687917
33250393,1.3399429726532666
33280942,1.3401724505630077
33312725,1.3399703907931317
33344530,1.3399435686997854
33377355,1.3398815798618293
33408072,1.340028803351975
33440400,1.339910786141251
33471277,1.3401885438190155
33503169,1.3402010607959105
33534700,1.3402105975402114
33566050,1.3401956963772412
33597014,1.3402910638202505
33632893,1.3401760268421206
33662325,1.3404239821939448
33714875,1.3404215980078695
33748318,1.3405241180091045
33786590,1.3405253101021422
33819262,1.340419809868313
33850544,1.340448420101216
33882182,1.3405867028935794
33911179,1.3405044484739839
33935614,1.3405390191720747
33963473,1.3406695533596937
33987395,1.3407887626634554
34013170,1.3407178331277172
34038770,1.3404281545195764
34063420,1.3407535959188457
34087824,1.3407947231286435
34114053,1.3408036638264256
34138299,1.3408286977802155
34164294,1.3402266907962193
34188887,1.341054003364325
34214158,1.3409538675491652
34239035,1.3410766531320397
34264229,1.3409508873165712
34289103,1.3408358503384412
34315703,1.3410545994108438
34339184,1.3412298370873734
34364629,1.3410718847598893
34389655,1.340777437779598
34415185,1.3412262608082606
34440532,1.3411738087146055
34464175,1.341184537551944
34489001,1.3413627554610676
34515796,1.3413412977863906
34540208,1.3413949419730833
34566009,1.3413347412746837
34589687,1.3413019587161492
34621515,1.3413019587161492
34656293,1.3413550068563231
34689986,1.3413472582515786
34721904,1.3411666561563798
34755225,1.3415022303464688
34786133,1.3414956738347619
34818761,1.3415069987186192
34849811,1.341613691045486
34881818,1.3414897133695738
34913876,1.341302554762668
34945098,1.3418533017460468
34976483,1.3417120387210892
35009282,1.3416870047672993
35040044,1.3418175389549183
35073342,1.341799657559354
35105980,1.34173170825621
35130589,1.341961186165951
35175146,1.3418926408162881
35198857,1.3419731070963272
35223348,1.341939728491274
35249998,1.3421304633772926
35285487,1.34072140940683
35315126,1.3419391324447552
35339387,1.3422830512861075
35364471,1.342129271284255
35390025,1.3421048333769838
35414779,1.3420303275621328
35439485,1.3422043731456248
35465409,1.3422538450066859
35489174,1.3422508647740918
35515112,1.3418264796527004
35540033,1.3422425201228285
35565716,1.3423480203566576
35590358,1.3423921277990494
35615404,1.342362325473109
35640266,1.3423551729148833
35666688,1.3423730543104475
35690954,1.3425000122189537
35715898,1.3424755743116825
35740540,1.342480342683833
35765964,1.3424725940790885
35791157,1.3425387552426762
35817139,1.3427640608267857
35847876,1.342710416640093
35881384,1.3426967075701604
35912712,1.3426299503600538
35938923,1.3427765778036806
35963779,1.3428826740840285
35989666,1.3427825382688687
36015259,1.3427795580362747
36039765,1.3428504875720129
36063877,1.3428403547811931
36090083,1.3428761175723216
36114481,1.3428385666416367
36140670,1.3430507592023324
36164117,1.3429571798988795
36189404,1.343011420132091
36215218,1.3429583719919171
36239807,1.3429482392010974
36263927,1.3432212285067116
36289731,1.3430823496678292
36314084,1.3432307652510125
36339978,1.3430847338539045
36364591,1.3432897738563745
36389290,1.3433416299035108
36414308,1.3433267287405406
36439006,1.3427890947805756
36463750,1.3433553389734434
36508047,1.3433046750193447
36531079,1.3434036187414669
36557309,1.3433332852522475
36581776,1.3434018306019104
36606578,1.343443553858227
36639424,1.3434441499047458
36671345,1.3435258082778225
36703447,1.3436623029306296
36736777,1.3435860089762222
36774277,1.343648593860697
36808752,1.3436432294420277
36846593,1.3436289243255763
36879120,1.3434042147879857
36910778,1.3437254838616233
36942078,1.3436927013030888
36972727,1.3438423089793097
37006114,1.3438715152587313
37037065,1.3439239673523864
37069668,1.3439394645618754
37100694,1.3439585380504773
37133343,1.3441337757270069
37165724,1.3440163545628017
37197223,1.3440878801450586
37229235,1.3440848999124646
37262498,1.3440872840985398
37294152,1.3441617899133909
37326659,1.3442273550304598
37358378,1.3442416601469112
37390755,1.3443096094500553
37422908,1.3443286829386571
37454332,1.3443453722411838
37489385,1.344326298752582
37520630,1.3445718699183309
37553771,1.344322722473469
37585048,1.344521802010751
37617278,1.3445688896857368
37649245,1.3444794827079156
37680688,1.3444526606145693
37711781,1.3446225338724296
37745038,1.34458736712782
37776336,1.344698827826837
37809302,1.344590347360414
37841051,1.3448305541074936
37873674,1.344819825270155
37906289,1.3448436671309074
37938511,1.344919365038796
37969893,1.3449241334109465
38003209,1.344630878523693
38033879,1.3449807578302333
38065938,1.3451726848092895
38105208,1.3451005631805137
38146729,1.345199506902636
38178425,1.345257919461479
38209149,1.3453246766715856
38239722,1.3453103715551342
38276819,1.345348518532338
38307783,1.3453354055089242
38340279,1.3454057389981435
38371209,1.3454504424870541
38403816,1.3456238920240273
38436719,1.345653098303449
38469445,1.3456578666755994
38500588,1.3456191236518769
38534837,1.345606010628463
38566398,1.3456399852800351
38599200,1.3456852848154646
38630844,1.3457234317926683
38665158,1.345761578769872
38697858,1.3457985336540381
38729853,1.3458217794682716
38761719,1.3459767515631618
38795754,1.3458778078410396
38827202,1.3459064180739424
38857942,1.3459535057489282
38886743,1.3461299355184955
38917186,1.3460065538891022
38949573,1.3460780794713592
38981375,1.3461019213321115
39013216,1.3461054976112243
39047203,1.3461817915656318
39078769,1.34620265319379
39112278,1.346274178776047
39144504,1.3462551052874452
39177364,1.3462843115668668
39210141,1.3463260348231834
39242076,1.3463975604054403
39274161,1.3463868315681018
39308397,1.346454780871246
39340203,1.346404712963666
39373958,1.3465048487788258
39405533,1.3467265780838225
39438449,1.3466210778499934
39471284,1.3466574366876407
39503274,1.3467128690138899
39535318,1.3465924676170906
39569436,1.3468231376198694
39600783,1.3468171771546813
39635669,1.3468392308758772
39666907,1.3469030078533897
39699658,1.3469322141328113
39732514,1.3469971832033614
39784908,1.3471652683216653
39815601,1.3470561918087234
39848545,1.3470764573903629
39879651,1.3469125445976906
39912636,1.3470156606454444
39948971,1.3470210250641137
39981687,1.3472582515785994
40014180,1.3472516950668925
40046205,1.3473107036722545
40079562,1.3473393139051573
40116227,1.347312491811811
40145312,1.3473983225105193
40172250,1.3473905739057748
40197951,1.3473911699522936
40223929,1.3474138197200083
40248727,1.3476242241411476
40273849,1.347536009256364
40299085,1.347560447163635
40325761,1.3475956139082448
40349949,1.347794097399008
40375730,1.3476647553044265
40400595,1.3475550827449658
40426093,1.3477231678632697
40451779,1.347933572284409
40475348,1.3479282078657397
40499770,1.347787540887301
40526550,1.347927611819221
40551024,1.3480694708906973
40576618,1.3478984055397993
40601030,1.3480801997280358
40627165,1.3476427015832306
40653131,1.3481094060074574
40678301,1.3480295357739371
40701781,1.3482333836833695
40728060,1.348256629497603
40752791,1.347821515538873
40778785,1.3481529174033304
40802906,1.3481868920549025
40828445,1.3482059655435044
40857302,1.3478143629806474
40888982,1.3482727227536109
40920235,1.3483514008940936
40953495,1.3483674941501014
40984205,1.3484145818250872
41017019,1.3484843192677878
41048340,1.3485129295006906
41080845,1.348511737407653
41112865,1.3485898195016168
41144209,1.3486375032231215
41175433,1.348679226479438
41208905,1.348722737875311
41257888,1.3488699613654567
41291420,1.3487519441547327
41322568,1.3487918792714928
41354406,1.348893803226209
41385971,1.3489057241565852
41416895,1.3489677129945412
41447608,1.3489927469483312
41480449,1.3490344702046477
41511212,1.349076789507483
41543362,1.3491405664849956
41574089,1.3491417585780332
41605995,1.3492091118346585
41639804,1.349235337881486
41670414,1.3492716967191334
41701435,1.3493211685801945
41735153,1.3493545471852477
41766163,1.3493992506741583
41798580,1.3493962704415643
41830034,1.3496185957930797
41861739,1.3496311127699747
41893617,1.349480909047235
41924994,1.3494415699769937
41955982,1.3495995223044779
42276730,1.350242060451753
42311361,1.350115102543247
42349423,1.3500507295192157
42384216,1.3501669585903833
42421640,1.3502903402197766
42455042,1.3503034532431903
42486184,1.350320142545717
42519314,1.3503654420811464
42549492,1.3503719985928533
42582364,1.3504542530124488
42612951,1.3504429281285915
42645305,1.3504715383614943
42677146,1.3505508125484957
42708936,1.3505889595256995
42740042,1.350686711154784
42773790,1.3506509483636555
42804836,1.3506360472006853
42837003,1.3506163776655646
42895847,1.3508500279009374
42927577,1.3508071125515833
42959395,1.3508619488313136
42990206,1.3509269179018637
43020985,1.3509370506926834
43053790,1.350919765343638
43084514,1.3510342062752492
43116323,1.3510675848803024
43147070,1.351115864648326
43178614,1.351311367906495
43210809,1.3512136162774104
43241528,1.3512475909289825
43272473,1.3512744130223289
43305769,1.3514687241874603
43336902,1.3513280572090216
43369398,1.351385873721346
43400526,1.3513697804653382
43432520,1.351311367906495
43464365,1.3513620318605937
43495504,1.3513536872093304
43526522,1.3513542832558492
43559491,1.3515485944209806
43590074,1.3516862811668255
43622490,1.3516672076782237
43653531,1.3516916455854948
43685145,1.3517762841911656
43716961,1.3518239679126702
43747690,1.3520743074505697
43778471,1.352073115357532
43811310,1.3519562902398456
43841762,1.3520129146591324
43874221,1.3520427169850728
43905433,1.3522274914059034
43937275,1.3521672907075037
43969420,1.3521494093119395
44000866,1.3521959009404065
44031581,1.3522054376847075
44064375,1.3522513332666557
44095071,1.3523365679188453
44127460,1.3523431244305522
44158687,1.3524104776871775
44190472,1.3523598137330788
44222548,1.3524140539662903
44253617,1.3525016728045551
44287660,1.352526706758345
44320713,1.3524104776871775
44351268,1.3526560488529265
44383143,1.352663797457671
44413794,1.352725786295627
44445617,1.3527937355987711
44485830,1.3528140011804106
44526671,1.3528294983898996
44558003,1.3529177132746832
44591624,1.3529487076936613
44623624,1.3528455916459075
44655982,1.3529630128101127
44687195,1.3529546681588493
44719075,1.353101891648995
44751118,1.352865857227547
44781673,1.353201431417636
44810724,1.353163880486951
44841898,1.3532127563014933
44870437,1.3534213725830762
44902499,1.35335938374512
44933100,1.3534410421181968
44965112,1.35347442072325
44997271,1.3535173360726043
45028021,1.353555483049808
45061971,1.3535656158406277
45097016,1.3536931697956527
45128726,1.3535757486314475
45160348,1.353642505841554
45190123,1.3536502544462985
45215568,1.3538493339835804
45241258,1.3531877223477033
45266200,1.3537623111918344
45290091,1.353872579797814
45316161,1.3540084784041022
45340896,1.3537027065399536
45367279,1.3539327804962136
45391845,1.354015034915809
45416425,1.3540364925904862
45442293,1.3541980211970832
45467379,1.353956622356966
45491856,1.3541348402660895
45517664,1.3541342442195707
45542539,1.3541622584059547
45568791,1.3541419928243152
45593565,1.3541628544524735
45618612,1.354291600500536
45644376,1.354282659802754
45669033,1.3540656988699078
45693765,1.3543059056169875
45720241,1.3543702786410188
45743658,1.354441208176757
45769434,1.3544340556185313
45794672,1.3544090216647413
45819976,1.3544674342235845
45844730,1.354580683062158
45871226,1.3546045249229104
45908896,1.3546837991099119
45963228,1.3546069091089856
45994617,1.3547755902738083
46026823,1.3548340028326515
46057884,1.3549746698110903
46089615,1.3549168532987659
46119469,1.3549746698110903
46148496,1.3549651330667893
46177025,1.3550599044632798
46210326,1.3552315658606966
46241039,1.355143350975913
46273372,1.3551767295809662
46304504,1.355192822836974
46336062,1.355217856790764
46367796,1.3554211086536776
46398977,1.355121297254717
46430242,1.3553245491176307
46466044,1.355370444699579
46496078,1.3554473347005052
46528439,1.3553728288856541
46559606,1.355314416326811
46591610,1.3555468744691461
46623914,1.3556446260982307
46655148,1.3556952900523294
46686585,1.3557143635409312
46720049,1.3555927700510944
46750847,1.3557787365649625
46783494,1.355842513542475
46814554,1.3560368247076064
46846382,1.355932516566815
46878337,1.3559796042418009
46909290,1.3560678191265845
46940217,1.355904502380431
46974598,1.356156630057887
47006744,1.356215638663249
47037330,1.356221599128437
47069547,1.356314582385371
47101690,1.3564790912245621
47132950,1.3563819356419964
47164096,1.3564105458748992
47197128,1.3564773030850057
47228039,1.356641215877678
47260432,1.3564534612242534
47295238,1.3567461200649882
47327071,1.3564528651777346
47361461,1.3566424079707156
47392584,1.3567264505298675
47423426,1.3566215463425573
47456360,1.3566465802963472
47487206,1.3567824789026355
47519779,1.3568581768105241
47550498,1.3569535442535334
47599779,1.3570471235569863
47630387,1.3570924230924157
47661526,1.3570679851851446
47692776,1.356749696344101
47725942,1.357100767743679
47756659,1.357178849837643
47788854,1.356877250299126
47819883,1.3572104403031398
47851775,1.3573415705372776
47883640,1.3573272654208262
47914882,1.3574506470502194
47945913,1.3574977347252053
47979012,1.3575799891448008
48009559,1.3575895258891018
48041818,1.3576175400754857
48072799,1.3578607270551595
48104710,1.3577361533327286
48136394,1.357796950077647
48167652,1.3578643033342723
48198945,1.3579072186836265
48232439,1.3579560944981688
48263095,1.3579823205449963
48295805,1.3580335805456138
48327135,1.358058018452885
48359607,1.3581116626395777
48391547,1.3581688831053833
48422706,1.3581527898493755
48453617,1.3582731912461747
48486619,1.3583023975255963
48517548,1.3584841917138328
48549803,1.3582708070600995
48580693,1.3584043214803125
48612458,1.3584174345037263
48645004,1.3584281633410649
48676155,1.3585747907846917
48707139,1.358605189157151
48740067,1.3586767147394079
48770789,1.3587118814840176
48803765,1.3587083052049047
48834391,1.358834667066892
48865921,1.3588585089276444
48897340,1.3588787745092838
48928435,1.3589538763706537
48959631,1.3589967917200079
48992445,1.3590295742785423
49023528,1.3590498398601818
49055971,1.3589544724171725
49087213,1.3588215540434783
49119135,1.3592268656762678
49151048,1.3590844105582727
49181941,1.3592691849791032
49227911,1.3595332335869352
49259624,1.3594289254461438
49290328,1.3591243456750328
49330639,1.3594456147486704
49365379,1.3596339654486138
49400084,1.3596870135887877
49432369,1.3598580789396857
49463546,1.3597490024267438
49495296,1.3597847652178723
49528435,1.3598592710327233
49559546,1.3599111270798596
49591928,1.3599057626611903
49625555,1.3600130510345758
49657505,1.3598646354513926
49689654,1.3597770166131278
49720829,1.3602937889449345
49751665,1.360199017548444
49784760,1.3598783445213252
49815535,1.3600386810348846
49847740,1.3603063059218294
49878528,1.3603498173177024
49910270,1.3603849840623121
49942032,1.3604451847607117
49973481,1.3605041933660738
50004617,1.3605238629011944
50037938,1.360596580576489
50072529,1.36067108639134
50106634,1.360590620111301
50133116,1.3607700301134622
50159041,1.3607187701128447
50185168,1.3607819510438384
50210110,1.360748572438785
50235013,1.3608820868589981
50261730,1.3610746098845732
50287011,1.3608838749985546
50312732,1.3609315587200592
50337472,1.3607575131365672
50362997,1.3609893752323836
50387952,1.3611175252339274
50412582,1.3611687852345449
50437243,1.3607962561602898
50464026,1.3613595201205635
50488157,1.3612504436076216
50513402,1.3613100482595024
50538159,1.3612063361652298
50563734,1.3612659408171106
50589204,1.3614268733771888
50612942,1.3614501191914223
50638228,1.3614751531452123
50665182,1.3613833619813158
50697881,1.3613154126781717
50734041,1.361637277798328
50758783,1.3615448905879128
50784400,1.361709399427104
50808951,1.361755891055571
50839785,1.3617546989625333
50870841,1.3618721201267385
50903925,1.361913843383055
50934641,1.3619549705928529
50966874,1.3618244364052339
50997909,1.3620253040820722
51029873,1.3621248438507132
51061640,1.3621641829209545
51092551,1.3622088864098651
51123663,1.362237496642768
51156931,1.3623233273414763
51188216,1.362333460132296
51220992,1.3624282315287866
51252539,1.3624729350176972
51284504,1.3625504210651422
51316893,1.3627310231603411
51348449,1.3626523450198584
51379986,1.362716121997371
51414003,1.3627608254862815
51444970,1.3627667859514696
51478227,1.362865133627073
51510305,1.3630558685130916
51546113,1.3630427554896778
51578294,1.3630028203729176
51610335,1.3630707696760618
51645342,1.3630904392111824
51676982,1.3631589845608454
51711365,1.363178654095966
51743345,1.3632716373529001
51781646,1.363502307355679
51814713,1.3634045557265944
51846883,1.3634379343316476
51878683,1.3633842901449549
51912844,1.363560719914522
51944406,1.3636089996825456
51977622,1.3638176159641284
52009454,1.3637299971258636
52042569,1.3637842373590752
52075643,1.3636888699160659
52107892,1.3638581471274074
52139926,1.3638945059650547
52174909,1.3640935855023366
52206436,1.3640464978273508
52239766,1.3640929894558178
52272092,1.3642712073649415
52304987,1.3642151789921735
52356640,1.3641782241080074
52388956,1.3643093543421452
52420963,1.3643677669009884
52454739,1.3644142585294554
52486493,1.3645394282984051
52519695,1.3645227389958785
52551553,1.364589496205985
52584371,1.3646192985319254
52617161,1.3647379117891683
52649380,1.3648583131859675
52681204,1.3647933441154174
52715263,1.3648696380698249
52746781,1.3649232822565176
52780135,1.3650156694669329
52811851,1.365167661329229
52844539,1.3650883871422275
52877009,1.3651462036545519
52908845,1.3652153450507336
52940493,1.3652183252833276
52974972,1.365310712493743
53006177,1.3653959471459325
53039600,1.365456743890851
53071745,1.3654919106354606
53105119,1.365531249705702
53138348,1.3655950266832144
53170677,1.365636749939531
53203034,1.3656951624983742
53236970,1.3657499987781045
53268654,1.3659592111062062
53303570,1.3658346373837753
53335540,1.366090341340344
53368231,1.3660611350609224
53401100,1.3660366971536513
53433109,1.366220875527963
53464789,1.3661410052944427
53498355,1.3661904771555038
53529777,1.3662560422725727
53562795,1.36629240111022
53594901,1.3660402734327641
53627946,1.3660891492473064
53660914,1.3661702115738643
53692933,1.3665081699500286
53724815,1.3666822155335205
53758744,1.3665433366946382
53790185,1.3663603504133641
53822952,1.3667698343717853
53854645,1.3665832718113984
53887214,1.3668169220467712
53919664,1.3668771227451708
53951441,1.3669623573973604
53982751,1.3668842753033965
54033243,1.3671733578650185
54063019,1.3671960076327334
54095783,1.3673026999596
54127175,1.3670809706546032
54159664,1.3670654734451142
54192135,1.3674296578681062
54223792,1.367511316241183
54255264,1.3674713811244228
54288610,1.3675333699623788
54319606,1.3677640399651576
54352255,1.3677205285692846
54383112,1.3677115878715025
54415316,1.3678051671749554
54447339,1.3678516588034224
54478609,1.3679422578742813
54509533,1.3680000743866056
54542667,1.368070407875825
54573562,1.368116899504292
54606001,1.3681806764818045
54639809,1.3682122669473014
54672054,1.3682885609017088
54704591,1.36835293392574
54736015,1.3684202871823654
54767181,1.36849300485766
54802560,1.3685049257880362
54834258,1.3687087736974686
54868301,1.368630095556986
54899974,1.368685527883235
54932515,1.3687731467214999
54965032,1.3688106976521848
54996650,1.3688703023040656
55028216,1.3689442120723978
55061954,1.3689823590496015
55094611,1.3687189064882883
55128557,1.369083686957799
55156688,1.3691659413773944
55184136,1.3693054162627956
55213888,1.369505687893115
55238956,1.3692100488197863
55263323,1.3693370067282924
55289986,1.3693668090542328
55314572,1.3693644248681576
55341040,1.3695676767310712
55366412,1.369496747195333
55391539,1.3695474111494317
55417419,1.3697190725468484
55443311,1.3696004592896056
55468607,1.369698806965209
55496289,1.3698925220838216
55520043,1.369925304642356
55546989,1.3698347055714972
55587089,1.370062395341682
55611959,1.3699390137122887
55640065,1.369971796270823
55665655,1.3700135195271397
55690869,1.3702340567390987
55717562,1.370130344644826
55742839,1.3703216755773635
55769620,1.3702865088327538
55794790,1.3702847206931974
55820876,1.3703622067406425
55846187,1.370437904648531
55879976,1.3705207551146454
55914274,1.3703973734852521
55950870,1.3706441367440387
55983213,1.3708461965139147
56016560,1.370783015582921
56048421,1.3708146060484179
56081384,1.370879575118968
56114353,1.3709487165151497
56146965,1.3709934200040603
56178827,1.371050640469866
56212957,1.3710107053531058
56249231,1.3712091888438689
56284606,1.3712288583789896
56317866,1.3713570083805333
56350257,1.3714219774510834
56381870,1.3714827741960018
56412695,1.3715316500105441
56445382,1.371591254662425
56476394,1.371640726523486
56508614,1.3713897909390678
56539457,1.3715990032671694
56586564,1.3718731846658212
56617995,1.3719286169920704
56649986,1.3719870295509136
56681059,1.3720394816445687
56714266,1.3721157755989761
56744897,1.3721956458324964
56776840,1.3720931258312614
56807792,1.372321411647965
56839773,1.3722814765312048
56871766,1.372408434439711
56903030,1.3723911490906655
56933802,1.3726581779310916
56966667,1.372569963046308
56997088,1.3726087060700305
57028988,1.372681423745325
57059886,1.3727899042117482
57091507,1.3729806390977668
57123080,1.372914477934179
57173825,1.3730468002613545
57203530,1.3730539528195802
57236289,1.3728512970031854
57267774,1.3729091135155098
57302612,1.3733042923574796
57336026,1.373356148404616
57369705,1.3731815067746052
57401536,1.3734884707317914
57432652,1.3737394063162096
57463781,1.3736255614311172
57496774,1.3736684767804714
57527567,1.3736625163152834
57560062,1.3736964909668554
57591058,1.373843714457001
57625593,1.3739074914345135
57657326,1.3739724605050636
57688512,1.3741989581822107
57719193,1.3741256444603973
57752046,1.374151274460706
57783357,1.3742615430666856
57817115,1.3744892328368703
57848081,1.3743712156261463
57878838,1.3744439333014409
57910233,1.3744945972555396
57939160,1.3745488374887511
57969199,1.3748128860965831
58002073,1.3747246712117995
58032787,1.374775931212417
58065042,1.3747818916776051
58095971,1.3750876635417537
58128131,1.374862954004163
58160823,1.3749988526104513
58192364,1.3750822991230844
58223635,1.3752688616834714
58256997,1.3751794547056502
58288269,1.3752342909853805
58320928,1.3753332347075027
58352263,1.3753904551733083
58384479,1.3754679412207533
58416342,1.3755364865704163
58447825,1.3756008595944476
58478952,1.375711128200427
58512323,1.3757731170383831
58543139,1.375792190526985
58576111,1.3759024591329645
58607543,1.3759984226224926
58640814,1.376022264483245
58673643,1.376118227972773
58705986,1.376311347044867
58737464,1.3762529344860237
58779847,1.3761986942528122
58820788,1.3764090986739514
58853264,1.3764555903024185
58884585,1.3765122147217053
58924148,1.3768662663538773
58956241,1.3766826840260844
58987167,1.3767589779804918
59017849,1.3769461365873976
59050832,1.3768966647263365
59081419,1.3769973965880151
59113529,1.3770236226348427
59144399,1.3771213742639272
59176487,1.377218529846493
59208621,1.3772781344983738
59239757,1.3773377391502546
59271668,1.3774342986863015
59306284,1.3775004598498892
59337191,1.3774158212442185
59369592,1.3776602003169298
59400334,1.3776607963634486
59432257,1.3777198049688106
59464347,1.3777883503184736
59495720,1.3777889463649924
59526689,1.3779474947389954
59559710,1.378035709623779
59589893,1.3780929300895846
59622408,1.378175780555699
59653189,1.378256246835738
59684537,1.3783146593945812
59716042,1.3783891652094322
59746958,1.3784630749777644
59777579,1.3785536740486233
59811051,1.3787610982371685
59841862,1.3786997054457313
59874413,1.3789351438206605
59905763,1.378852889401065
59938152,1.37890534149472
59969899,1.378977463123496
60001059,1.3791342233579424
60032118,1.3791532968465443
60065173,1.379194424056342
60097015,1.379380986616729
60131171,1.3791360114974989
60161513,1.3794447635942415
60189722,1.3795252298742806
60216047,1.3795729135957853
60239601,1.3796092724334326
60263905,1.3798196768545719
60290609,1.3795878147587555
60314666,1.3797332501093447
60339404,1.3799645161586422
60372153,1.3799221968558069
60408803,1.3801337933699838
60433826,1.380039618020012
60459191,1.3801039910440434
60483663,1.3802911496509491
60509931,1.380182669184526
60532928,1.3804210877920493
60558924,1.3803763843031387
60583672,1.380285189185761
60609208,1.3804139352338236
60633946,1.3805009580255696
60659063,1.3807626224473264
60684033,1.3802142596500229
60710473,1.3806171870967372
60733923,1.3808806396580504
60759645,1.3808091140757934
60785937,1.3804389691876136
60812028,1.3808621622159674
60840722,1.3809509731472698
60864952,1.3811727024522664
60896344,1.3811434961728448
60928449,1.38123588338326
60961306,1.3813246943145625
60999690,1.3815160252471
61032637,1.381472513851227
61065751,1.3816817261793286
61098222,1.381624505713523
61130109,1.3817323901334273
61164052,1.3817681529245558
61196097,1.381839082460294
61229116,1.381935641996341
61260776,1.38199107432259
61293599,1.3820679643235163
61326335,1.3821239926962843
61358385,1.3820488908349144
61390240,1.382320688047491
61423939,1.382143662231405
61454956,1.3820196845554928
61487942,1.382404730606643
61519479,1.3825704315388716
61552313,1.382594273399624
61584950,1.3828767994495392
61616938,1.3828130224720268
61651850,1.3828827599147273
61685684,1.382967398520398
61717070,1.3830812434054904
61750076,1.3830955485219418
61781713,1.3832093934070342
61814095,1.3832713822449902
61846502,1.3833792666648945
61878208,1.3833977441069776
61927468,1.3836838464360055
61960073,1.3835217217828897
61991908,1.3837643127160446
62027954,1.3839085559735962
62063041,1.3840080957422372
62098396,1.384067700394118
62131306,1.3841433983020066
62165073,1.3843883734212368
62196860,1.3843031387690472
62231378,1.3843865852816803
62262688,1.384502814352848
62297672,1.3846232157496472
62330172,1.3846804362154528
62363008,1.3847471934255593
62395717,1.3848467331942003
62427967,1.3849009734274118
62459465,1.3850017052890904
62493078,1.3851060134298818
62525127,1.3851936322681466
62558164,1.385263965757366
62590007,1.385366485758601
62622933,1.385443971806046
62655254,1.3855321866908297
62687036,1.3857974273916993
62718741,1.3856931192509079
62752599,1.3859369022771004
62783929,1.3857503397167135
62816945,1.3858570320435801
62848601,1.3860060436732822
62880749,1.3862104876292334
62913370,1.3861097557675548
62944876,1.3862385018156174
62976301,1.386301682746611
63009663,1.3865633471683678
63040927,1.3864429457715686
63073627,1.386575268098744
63104921,1.3866378529832188
63137150,1.386755274147424
63169595,1.3870056136853235
63201280,1.3869591220568565
63233061,1.387050913220753
63266714,1.3871319755473108
63298058,1.3872595295023358
63331809,1.3873417839219313
63363968,1.3874085411320378
63396814,1.3875247702032054
63429436,1.387588547180718
63461292,1.3876982197401786
63519309,1.387886570440122
63552766,1.3877512678803525
63582795,1.3880689606748773
63615792,1.388063596256208
63647322,1.388250158816595
63680119,1.3882298932349555
63719098,1.3881154523033443
63754908,1.3886393771933767
63787522,1.3885767923089019
63821633,1.3887556062645443
63852862,1.3887895809161164
63886730,1.388896273242983
63919549,1.3889356123132244
63953667,1.389039324407497
63986881,1.389126347199243
64019680,1.3892175423166206
64052270,1.3893015848757726
64086658,1.389371918364992
64118972,1.3895191418551376
64152665,1.3895972239491015
64184931,1.3897146451133067
64219248,1.3898344504635871
64253407,1.389925049534446
64285292,1.3900424706986512
64317752,1.3901336658160288
64352474,1.3900818097688925
64384665,1.3902874458178813
64418899,1.3904072511681618
64451106,1.3905407655883748
64484224,1.390614675356707
64517335,1.3907195795440173
64549758,1.3908304441965156
64582159,1.390872763499351
64616671,1.3910080660591204
64648709,1.3911797274565372
64681749,1.391211317922034
64713436,1.3913376797840213
64746470,1.3915701379263565
64779592,1.3915194739722578
64812642,1.3917441835098485
64845525,1.3917185535095398
64880500,1.391792463277872
64912555,1.391916440953784
64946550,1.3920141925828686
64979014,1.3920982351420206
65012032,1.3922096958410377
65045149,1.3922889700280392
65078359,1.392407583285282
65111696,1.3925935497991502
65146473,1.3928045502668083
65186305,1.3926775923583021
65225577,1.3931168786426638
65250402,1.3929064742215245
65275809,1.3930376044556623
65307142,1.3932974807378626
65334596,1.3933421842267733
65360637,1.3933475486454425
65387976,1.3933094016682388
65412833,1.3935615293456947
65438365,1.393520402135897
65463664,1.3936515323700347
65490283,1.3933380119011416
65516298,1.3937868349298042
65541739,1.3937433235339312
65565887,1.3939638607458902
65592879,1.3940943949335092
65617790,1.393914984931348
65652526,1.3940783016775014
65678073,1.394439505867899
65703505,1.3943548672622283
65726621,1.3946236842422108
65752536,1.3945587151716607
65777150,1.3945491784273598
65802573,1.3945879214510823
65826833,1.3946999781966183
65851951,1.3948090547095602
65876426,1.394766139360206
65902867,1.394878196105742
65930100,1.3950129026189926
65963162,1.3951499933183185
65994417,1.395257281691704
66026503,1.3953425163438935
66058426,1.3954462284381661
66089602,1.3956155056495076
66120486,1.3956739182083508
66153412,1.395800876116857
66185147,1.3956161016960265
66218349,1.396108436120562
66249688,1.3960780377481028
66282005,1.3962365861221058
66314593,1.396276521238866
66346339,1.3964356656593877
66377566,1.396536993567585
66411275,1.3965733524052324
66442196,1.396692561708994
66474832,1.3968374010130644
66506094,1.3969172712465847
66538314,1.3969655510146082
66570570,1.3970323082247147
66602115,1.3971479412493635
66633861,1.397280263576539
66683779,1.3973899361359996
66713975,1.3974763628812268
66746340,1.3974245068340905
66777924,1.3978369710251057
66812138,1.3983132121936335
66844088,1.3981379745171039
66874899,1.3982297656810003
66905542,1.398028898004162
66938577,1.3981928107968342
66969099,1.3985105035913592
67001402,1.3985403059172996
67032530,1.3986565349884672
67064298,1.398716139640348
67096242,1.3988276003393652
67127019,1.3989813803412177
67157455,1.3990844963889715
67190905,1.399089264761122
67221317,1.3993485449968035
67253974,1.3994951724404303
67285340,1.399623322441974
67335657,1.3997341870944724
67366955,1.3998623370960162
67397720,1.3998945236080318
67428515,1.4000500917494407
67461671,1.400152015704157
67492180,1.4002807617522195
67524774,1.4003284454737241
67555657,1.4005692482673227
67587469,1.4006789208267834
67623986,1.4007993222235826
67655396,1.400941181295059
67686549,1.401211190368079
67719608,1.4013345719974724
67750709,1.4013286115322843
67782888,1.401481795487618
67813569,1.4015574933955066
67845344,1.4016504766524407
67878352,1.4018817427017383
67909459,1.4019431354931755
67940411,1.4019151213067915
67973321,1.4020891668902835
68003516,1.4021600964260217
68035744,1.4024056675917707
68066292,1.4024050715452518
68097581,1.4024801734066217
68129217,1.4026077273616466
68160024,1.4027966741081088
68190641,1.4029021743419379
68223931,1.4030178073665867
68254697,1.4031996015548232
68288194,1.403330731788961
68337003,1.4035560373730704
68369444,1.4035625938847773
68401043,1.4036686901651252
68431660,1.4037294869100436
68462339,1.4038886313305654
68495464,1.4040626769140574
68526044,1.4042051320320525
68558674,1.4043303018010023
68589866,1.404517460407908
68621976,1.4046473985490082
68653982,1.4050032383207367
68685392,1.4048274045976883
68716462,1.4049025064590581
68749308,1.4052798039054637
68779660,1.4052213913466205
68811821,1.4051874166950484
68842974,1.4055003411174227
68874825,1.4056898839104037
68906381,1.4057721383299993
68937292,1.405890751587242
68968376,1.4059730060068376
69001250,1.4060999639153438
69031702,1.3671936234466582
69063999,1.4064051397329735
69094896,1.406574416944315
69127290,1.4067126997366786
69159603,1.4068223722961393
69191490,1.4070178755543084
69223171,1.4071770199748301
69256403,1.4074458369548126
69287669,1.4075197467231448
69319958,1.4076300153291244
69350801,1.407826710680331
69383043,1.4079441318445363
69414920,1.40809731579987
69446075,1.4081980476615485
69477566,1.4081819544055407
69510502,1.4083327541747992
69541041,1.4084716330136815
69573468,1.4086057434804133
69604414,1.408615876271233
69636719,1.4087327013889195
69670357,1.4077009448648625
69701175,1.4090289365087671
69731717,1.4092941772096368
69764839,1.4093239795355772
69795352,1.4094819318630614
69827781,1.4100481760559291
69858362,1.409862209542061
69890239,1.4101876509413303
69921931,1.4103551400131153
69971701,1.4102979195473098
70002454,1.410340834896664
70035086,1.410458852107388
70065301,1.4107997907161463
70099161,1.4108683360658092
70131950,1.4112587465356285
70162797,1.411565114446296
70192745,1.4115645183997771
70223152,1.4117624058440215
70247938,1.411894132124678
70274800,1.4121951356166762
70299188,1.4117802872395857
70327661,1.411807109332932
70352435,1.412180234453706
70377911,1.4124728932944408
70403081,1.4119364514275135
70427921,1.4124734893409596
70454566,1.4124776616665913
70478423,1.4125170007368326
70504481,1.4127434984139797
70529511,1.4127834335307399
70555207,1.4126886621342494
70580073,1.4130832449297004
70605158,1.413355042142277
70630543,1.4134241835384587
70657609,1.4133186833046296
70681436,1.4133878247008114
70707182,1.413684059820659
70731959,1.4140685098252905
70757431,1.4139338033120397
70783013,1.413967181917093
70806514,1.4140565888949141
70830926,1.4143790500615896
70857496,1.414436866573914
70881599,1.4142312305249252
70906468,1.414610912157406
70931076,1.4148821133234637
70962709,1.414766480298815
70994545,1.4149411219288257
71025653,1.4150686758838507
71056447,1.415126492396175
71089292,1.4152737158863207
71120039,1.4154912728656857
71152227,1.4155008096099866
71183279,1.4156259793789363
71215004,1.4157970447298343
71246867,1.4161308307803668
71278190,1.41618924333921
71310415,1.4166476031121735
71344125,1.4166940947406406
71393914,1.4168496628820495
71832242,1.418706347788137
71868316,1.4187737010447623
71905876,1.4194078945407742
71939730,1.4194508098901284
71973230,1.4196236633805828
72008351,1.4198108219874885
72038767,1.4199890398966122
72071649,1.4201988482712327
72102558,1.420368721529093
72134466,1.4205689931594125
72166656,1.4208026433947853
72198159,1.4210517908396472
72229508,1.4212753082842002
72262456,1.421431472472128
72293354,1.4216526057306058
72325834,1.4218940045707231
72356877,1.4219673182925365
72388825,1.4217724110808863
72420824,1.4223964717860784
72452288,1.4223595169019123
72483008,1.4224918392290877
72516128,1.4226223734167067
72546909,1.4227415827204684
72579368,1.4229054955131406
72610201,1.4230229166773458
72642128,1.4232506064475305
72673729,1.4233340529601637
72704848,1.4235122708692873
72735567,1.4237143306391633
72769366,1.4240916280855689
72805661,1.4241351394814419
72838447,1.4244623690202676
72868600,1.4244784622762754
72900871,1.4247204571629115
72933108,1.4249505311191715
72965010,1.4253182918212761
72996302,1.4255787641499953
73029901,1.4255680353126567
73062002,1.4257945329898039
73095323,1.426026991132139
73126927,1.42638163881083
73159389,1.4263959439272813
73192108,1.4266278060230977
73223551,1.4269121202125692
73255115,1.42711179579637
73289000,1.4272935899846064
73320336,1.4276345285933647
73353320,1.4276607546401923
73393871,1.4276160511512817
73438581,1.4276184353373569
73470379,1.4277161869664414
73501801,1.4283414397646712
73532827,1.4284403834867934
73566673,1.4286299262797744
73597878,1.4288754974455233
73631515,1.42907219279673
73663033,1.4293857132656231
73695669,1.429538301174438
73728380,1.4297731435028487
73760691,1.4300073897847403
73792745,1.4302213704849924
73826231,1.430409125138417
73857826,1.4306690014206174
73891026,1.4308639086322676
73922785,1.4311273611935809
73954787,1.4315767802687622
73987268,1.4317931451550896
74018677,1.431968978878138
74050161,1.4321519651594121
74083688,1.4321853437644654
74115201,1.432559660978277
74147849,1.4322073974856613
74179417,1.43284814749338
74211838,1.4328499356329365
74244073,1.4329798737740367
74275516,1.4332266370328233
74307550,1.4334710161055346
74340295,1.4337416212250735
74370739,1.4336683075032601
74402735,1.433796457504804
74433195,1.434016398670244
74464785,1.4341576616952016
74496402,1.4343621056511529
74527346,1.4347554963535663
74558267,1.4350851100784672
74591242,1.4351423305442728
74622108,1.4356316847362143
74654449,1.4359100384604977
74685472,1.436259917767038
74717325,1.4363111777676556
74749044,1.4368714614953353
74780433,1.4368905349839372
74811396,1.4367552324241677
74844201,1.4369835182408712
74874699,1.4371700808012582
74906940,1.4372684284768615
74937696,1.4373906180132172
74969284,1.437521748247355
75001005,1.4375819489457546
75049726,1.438687019191625
75096591,1.4380057380206273
75131822,1.4387352989596485
75163443,1.4392085598955822
75195448,1.439125113382949
75226331,1.4395953940862887
75252048,1.4394439982705114
75277498,1.4396675157150645
75302711,1.4404316473521765
75331548,1.440218858744962
75356308,1.4397545385068105
75381860,1.44024985316394
75407686,1.440719537820761
75433807,1.4412684966645832
75460099,1.4409168292184864
75485597,1.4408506680548987
75510318,1.441014580847571
75537291,1.4416338731806126
75562604,1.4416440059714324
75589013,1.441837721090045
75614341,1.4415939380638525
75639663,1.4424123099341761
75665568,1.4427252343565504
75691132,1.4433248571544715
75716852,1.4424009850503188
75743811,1.4424611857487184
75767822,1.4428927234283355
75794801,1.4436699680888614
75820375,1.4440758757681698
75846222,1.44340055506236
75871465,1.443416052271849
75896161,1.443991237162499
75922305,1.4448566967078085
75957816,1.4442076020488264
75991348,1.4445187383316442
76026038,1.4446850353103917
76057864,1.4450992876409634
76089967,1.4451821381070777
76121976,1.445440226249722
76152999,1.4456035429958753
76184971,1.4457829529980366
76218337,1.4461262757928701
76249216,1.4459671313723483
76281773,1.4459784562562057
76313294,1.4462597902130832
76345286,1.4466591413806846
76377105,1.4467926558008977
76409109,1.4471526678982578
76440960,1.4473517474355397
76475113,1.4475603637171226
76506040,1.448040777211282
76561682,1.4489187537334864
76592274,1.4482404527950827
76626143,1.4493502914131036
76658395,1.4497645437436752
76690320,1.4498068630465106
76722486,1.4506431163123985
76753963,1.4506902039873844
76783051,1.4509506763161035
76813552,1.4507676900348294
76844467,1.450700336778204
76876379,1.450706893289911
76908510,1.4508553088730942
76939950,1.4508737863151773
76971651,1.4512034000400782
77004713,1.4514418186476015
77035547,1.4516891779529069
77068153,1.4519573988863705
77100048,1.4523174109837307
77132417,1.4524163547058528
77165429,1.4526565614529325
77197362,1.452925378432915
77230167,1.4531912151803035
77264483,1.4534171168109318
77296568,1.4537151400703359
77329683,1.454914385666178
77361532,1.454460198218846
77394099,1.4547653740364759
77426554,1.4550550526446167
77458540,1.4554842061381585
77510760,1.455921108236445
77543956,1.4561636991695999
77574866,1.456449205452109
77607130,1.4565439768485995
77639049,1.4565231152204412
77671051,1.456657225687173
77703215,1.4568867035969142
77734696,1.4569784947608106
77766497,1.457232410577823
77799686,1.4576627561644024
77830413,1.4578052112823976
77863427,1.4580859491927562
77895422,1.4585812638498858
77928007,1.4588721345510642
77960667,1.4589925359478635
77992608,1.459385330603758
78024939,1.4598872017725946
78058274,1.4601119113101853
78089512,1.4606274915489543
78122400,1.4610137296931422
78154199,1.4615960671420178
78194184,1.4610250545769996
78239534,1.4616842820268015
78271061,1.4615650727230398
78302769,1.4617713048185474
78336080,1.462055619008019
78377312,1.4630957201833392
78412853,1.4634885148392338
78444669,1.463757927865735
78476921,1.4637764053078182
78508962,1.4641274767073962
78540166,1.464252646476346
78571979,1.4642592029880528
78605114,1.4644028501990856
78636138,1.4644684153161545
78668777,1.4648123341575068
78700416,1.465057309276737
78732209,1.4653499681174718
78764404,1.465647395330357
78798403,1.466188009522916
78830827,1.4667995532512133
78865030,1.4666284879003153
78895503,1.4669473727878777
78928347,1.4670218786027287
78960570,1.467353280467186
78993125,1.467605408144642
79026067,1.4680238328008453
79058339,1.4682676158270378
79091027,1.4687587581585357
79124046,1.4689405523467722
79155115,1.4691843353729648
79187994,1.4694513642133908
79220477,1.4698262774737212
79252405,1.4702947700375044
79284778,1.4707257116706027
79316322,1.471498784005497
79348388,1.4716317023791912
79381791,1.471911844243031
79412797,1.471809324241796
79445547,1.4725686875067576
79477431,1.4728863803012824
79509499,1.4727171030899409
79541586,1.473055061466105
79573020,1.4735318986811516
79604902,1.4735098449599557
79638352,1.4738203851962548
79669575,1.4737488596139978
79702798,1.4740135042683487
79734995,1.4741029112461699
79767417,1.474375900551784
79799849,1.47411781240914
79831465,1.4739747612446261
79872263,1.475140032188896
79919634,1.4750708907927144
79951506,1.4749254554421252
79987092,1.4764179559252208
80023118,1.4761133761541099
80058015,1.4760639042930488
80092351,1.476411399413514
80125814,1.4766158433694654
80160329,1.4777620408251335
80190485,1.477909860361798
80224539,1.47851901990402
80251408,1.4782817933895342
80276818,1.47937911503066
80304285,1.4806171036502247
80329260,1.4796866750343651
80353710,1.4789130066529521
80380211,1.4791043375854895
80404999,1.481045065050729
80431061,1.480817971327063
80456316,1.4795674657306035
80481282,1.47983926294318
80506821,1.4811422206332947
80532105,1.4822705366933986
80563111,1.4802076196918035
80594290,1.4824356415791085
80618651,1.4810414887716161
80644923,1.4812310315645971
80670277,1.4819850304108895
80696212,1.483903704154933
80721657,1.4831431487969338
80746514,1.4820553639001088
80771271,1.4825244525104109
80798169,1.483328519264283
80822770,1.4845611434651784
80848684,1.4834817032196168
80873177,1.4831133464709934
80898934,1.4837558846182686
80924938,1.4853461367304488
80954197,1.4850820881226168
80988303,1.4844270329984466
81024009,1.484900889980899
81056005,1.4852686506830037
81088544,1.4854647499876916
81120153,1.4856089932452432
81152256,1.4854069334753672
81183966,1.485740123479381
81215825,1.4859117848767978
81247406,1.486327229300407
81281019,1.4864523990693568
81311963,1.4869399651217419
81344653,1.487063942797654
81384818,1.4873101100099217
81430518,1.4896787988756655
81462611,1.489282427940658
81493993,1.4892681228242066
81525864,1.4895476686415277
81558840,1.4897288667832453
81589525,1.4900662291128908
81624774,1.4904578316757477
81656355,1.4906318772592397
81688175,1.4907034028414967
81720142,1.4906670440038494
81751171,1.4905323374905988
81783154,1.4908536065642364
81817075,1.4921798100685846
81847859,1.4914335598270367
81880429,1.492645322399774
81914223,1.4941503398597646
81947593,1.492601811003901
81980831,1.4931597105455054
82016113,1.4929487100778474
82051340,1.4933117024078015
82083120,1.4944584959099885
82112557,1.493922054043061
82143362,1.4943404786992645
82175132,1.4941479556736894
82207460,1.4945169084688317
82239851,1.495280444059425
82271615,1.4960809345341843
82304010,1.495827018717172
82337998,1.4958812589503836
82369780,1.4962955112809553
82404224,1.4966215487267434
82437650,1.496911823381403
82469154,1.4972724315252819
82500127,1.4975138303653992
82530412,1.498160540838306
82561813,1.4979721901383627
82596644,1.498232066420563
82628197,1.4985569117733135
82662122,1.4987995027064684
82694782,1.4988620875909433
82727787,1.499164283175979
82761064,1.4993299841082077
82793138,1.4995540975992796
82825866,1.4999141096966397
82859976,1.500581681797705
82891751,1.5009989143608706
82925147,1.501674831113199
82957523,1.5018411280919466
82990285,1.5026100281012091
83023027,1.5033485297380125
83077721,1.5030469301994955
83109706,1.5038807992793082
83143836,1.5036286716018523
83176591,1.504033387188123
83210506,1.5041895513760508
83243397,1.5043856506807387
83276702,1.504711092080008
83310993,1.5064473755892962
83343354,1.5067227490809856
83375661,1.506068886049853
83409758,1.5063716776814076
83441357,1.5061088211666132
83473520,1.5077300676977714
83505354,1.5079076895603765
83536432,1.507582248161107
83568416,1.507364691181742
83600498,1.5078135142104048
83632997,1.508338035146956
83667114,1.508959115619554
83699063,1.5091307770169708
83732158,1.5086634765462252
83764728,1.5087999711990323
83797522,1.5092321049251682
83830302,1.509406746555179
83862285,1.5095545660918435
83894759,1.5102823388913083
83928664,1.5105517519178095
83960395,1.510917128433839
83993773,1.5109880579695771
84026137,1.5111805809951522
84058867,1.5114803923941127
84091898,1.511780799839592
84124064,1.511805833793382
84156754,1.5120126619354084
84190692,1.5123410835672717
84222572,1.512538971011516
84255802,1.5129442826443056
84288681,1.513256611020161
84321544,1.513564171023866
84354301,1.5138365642829614
84386558,1.5140952484721242
84418687,1.5140129940525286
84452395,1.5146167891760813
84483899,1.5149475949940199
84517340,1.515484632907466
84549689,1.5162952561730452
84582872,1.5164520164074917
84616418,1.5177639147953885
84651175,1.516333403150249
84683640,1.5166201015257956
84717982,1.5169026275757107
84772999,1.517504634559707
84804832,1.5181835315446295
84837302,1.5190930985323308
84870308,1.5179904124725356
84901965,1.5186341427128485
84934012,1.5188069962033028
84967343,1.5193929099312913
85002183,1.5205563927360048
85037809,1.519934120170369
85072543,1.5200116062178142
85105585,1.52115899576652
85143175,1.5217228557733125