Gain: 1, DRate: 601656017546223755,d0,d1,d2,d3
124459,2.4309745348661584
224725,2.40904359925313
315672,2.40903346646231
407043,2.409003068089851
495807,2.4089977036711816
585949,2.4090006839037756
676191,2.4090006839037756
766267,2.408998895764219
855991,2.409028102043641
945089,2.4089881669268807
1035356,2.409003068089851
1126692,2.4089917432059935
1215931,2.4090358506483853
1306934,2.40901856529934
1397748,2.409009028555039
1488585,2.409023929718009
1578959,2.409020949485415
1668790,2.4090143929737082
1759686,2.4090132008806706
1851590,2.409012008787633
1940930,2.4090227376249715
2031839,2.4090042601828885
2122825,2.409005452275926
2216061,2.408989955066437
2307981,2.4089822064616926
2397335,2.4089828025082114
2488053,2.40898339855473
2578784,2.4089881669268807
2669564,2.409102011811973
2759976,2.4089863787873242
2849585,2.4089702855313164
2940438,2.408989955066437
3032092,2.4089911471594747
3121286,2.409023929718009
3211997,2.4090322743692725
3302873,2.4090221415784527
3393607,2.4090161811132647
3483983,2.4090161811132647
3573633,2.4090161811132647
3664410,2.4090161811132647
3756158,2.409005452275926
3845375,2.4090257178575656
3936113,2.4090161811132647
4026855,2.4090143929737082
4119712,2.409021545531934
4210269,2.409027505997122
4300051,2.409005452275926
4391009,2.4090227376249715
4482779,2.409005452275926
4572031,2.4090137969271894
4662850,2.4090173732063023
4753633,2.408962536926572
4844261,2.4089661132056848
4934552,2.4089613448335343
5024401,2.4089696894847976
5121643,2.4091252576262066
5213689,2.4089583646009403
5303198,2.408972073670873
5394310,2.4089637290196095
5488570,2.4089643250661283
5580958,2.408882070646533
5671664,2.409079958090777
5761621,2.408959556693978
5852593,2.4089673052987224
5944535,2.4089822064616926
6033947,2.408959556693978
6124854,2.4089708815778352
6215816,2.4089637290196095
6306692,2.408964921112647
6397296,2.4089637290196095
6487121,2.4089643250661283
6578048,2.408964921112647
6695466,2.408955980414865
6785895,2.408965517159166
6876847,2.408967901345241
6967802,2.4089631329730907
7058579,2.408959556693978
7149323,2.408971477624354
7239237,2.4089613448335343
7330324,2.408959556693978
7422441,2.4089613448335343
7511869,2.408959556693978
7602798,2.40895359622879
7693724,2.4089607487870155
7784482,2.4089547883218274
7875046,2.4090018759968133
7964854,2.409009028555039
8055809,2.408999491810738
8147731,2.4090018759968133
8237113,2.4090018759968133
8328113,2.4090042601828885
8419206,2.4090012799502944
8509988,2.4089917432059935
8600713,2.409000087857257
8690992,2.4090382348344606
8781868,2.409015585066746
8873564,2.408996511578144
8962772,2.4089923392525123
9053516,2.408987570880362
9144259,2.4089953194851064
9234812,2.409002472043332
9325269,2.4089923392525123
9415022,2.4089541922753086
9505792,2.4089547883218274
9597497,2.4089446555310077
9686661,2.4089482318101205
9777293,2.4089512120427146
9868016,2.408959556693978
9958619,2.408949423903158
10051613,2.4089518080892334
10143201,2.4091163169284244
10234070,2.408938099019301
10325806,2.4089458476240453
10415143,2.408955980414865
10505881,2.40899353134555
10596645,2.4089386950658196
10687258,2.408955384368346
10777555,2.408938099019301
10867159,2.4089476357636017
10957893,2.408978034136061
11049488,2.4089977036711816
11138660,2.408939887158857
11229467,2.408999491810738
11339892,2.408939887158857
11431638,2.408952404135752
11522003,2.4089386950658196
11611670,2.408934522740188
11702801,2.4089386950658196
11794665,2.4089392911123384
11883896,2.4089476357636017
11974687,2.408937502972782
12065386,2.408941079251895
12155953,2.408937502972782
12246206,2.408940483205376
12335956,2.4089452515775265
12426800,2.4089488278566393
12518503,2.408975053903467
12607696,2.4089708815778352
12698477,2.408980418322136
12811416,2.408978034136061
12902024,2.40898339855473
12992520,2.4089708815778352
13082177,2.408977438089542
13173174,2.409087110649003
13264966,2.408964921112647
13354380,2.408980418322136
13445246,2.4089673052987224
13536002,2.4089732657639105
13626579,2.408964921112647
13716872,2.408978034136061
13806483,2.408969093438279
13897232,2.40896849739176
13991304,2.4089637290196095
14081490,2.408913065065511
14172575,2.4089202176237365
14261156,2.408934522740188
14351317,2.408934522740188
14441633,2.4089303504145563
14531624,2.4089172373911425
14621647,2.4089267741354434
14710913,2.4089547883218274
14801220,2.408915449251586
14892326,2.4089273701819622
14980906,2.4089166413446237
15071866,2.4089273701819622
15162700,2.4089237939028494
15252841,2.408924985995887
15342718,2.408919025530699
15431902,2.408922005763293
15522120,2.408913065065511
15613282,2.4089178334376613
15701924,2.4089237939028494
15792064,2.408916045298105
15882211,2.408919025530699
15992680,2.408922005763293
16082396,2.4089136611120296
16171765,2.40899353134555
16262051,2.40891842948418
16353291,2.408924389949368
16442025,2.408908892739879
16532113,2.4089172373911425
16622265,2.408915449251586
16712240,2.4089166413446237
16801986,2.408925582042406
16890992,2.408906508553804
16981124,2.408916045298105
17072260,2.408915449251586
17160860,2.408955980414865
17250967,2.4089577685544215
17341237,2.4089392911123384
17431348,2.4089482318101205
17521103,2.4089482318101205
17610284,2.4089446555310077
17700721,2.408977438089542
17792005,2.408955384368346
17880643,2.4089476357636017
17970750,2.4089452515775265
18060877,2.4089428673914512
18150847,2.4089446555310077
18240622,2.4089428673914512
18329774,2.408952404135752
18420080,2.4089458476240453
18511172,2.4089422713449324
18599791,2.408947039717083
18689926,2.4089321385541127
18780144,2.408896375762984
18870128,2.408900548088616
18959862,2.408894587623428
19048863,2.4088993559955783
19139344,2.4088898192512773
19230585,2.408896375762984
19319335,2.4088916073908337
19409632,2.408890415297796
19499829,2.40889339553039
19589815,2.4089053164607663
19679572,2.408896971809503
19768542,2.40889339553039
19858682,2.408893991576909
19949807,2.40889339553039
20038450,2.4088987599490594
20129598,2.409055520183506
20220073,2.408887435065202
20310160,2.408897567856022
20400039,2.408882070646533
20489114,2.4088927994838714
20594550,2.4088862429721645
20686209,2.408955980414865
20774972,2.40889339553039
20865140,2.408880878553495
20955306,2.4088856469256457
21045290,2.4088886271582397
21135081,2.4088862429721645
21224106,2.4088898192512773
21314409,2.4088898192512773
21405659,2.4088832627395704
21494268,2.408882070646533
21584471,2.4088761101813447
21674668,2.4088862429721645
21764648,2.4088838587860892
21854400,2.4089231978563306
21943398,2.4089297543680375
22033596,2.408927966228481
22125030,2.4089226018098118
22213938,2.4089547883218274
22304233,2.4089148532050673
22394562,2.408925582042406
22484650,2.408927966228481
22574346,2.4089172373911425
22665991,2.408915449251586
22762427,2.408912469018992
22857396,2.4089118729724732
22945985,2.4089178334376613
23036098,2.4089202176237365
23126236,2.408913065065511
23216181,2.4089166413446237
23305988,2.408913065065511
23395144,2.4089077006468416
23485374,2.408865381344006
23576456,2.4088713418091943
23665353,2.408865381344006
23755692,2.4088641892509686
23845843,2.4088731299487507
23935784,2.408868957623119
24025435,2.4088677655300814
24114407,2.4088671694835626
24204570,2.408865381344006
24295747,2.4088773022743823
24384511,2.4088671694835626
24474679,2.4088576327392617
24564819,2.408862997157931
24654824,2.4088641892509686
24744650,2.4088641892509686
24833733,2.4088641892509686
24924045,2.4088641892509686
25015222,2.408871937855713
25115048,2.4089118729724732
25220073,2.4088802825069764
25310524,2.4088546525066676
25400701,2.4088635932044498
25490442,2.408859420878818
25579467,2.4088707457626755
25669706,2.4088647852974874
25760863,2.4088635932044498
25849418,2.4088558445997053
25939579,2.4088582287857805
26029710,2.4088641892509686
26119727,2.4088677655300814
26209367,2.408862401111412
26298470,2.408857036692743
26388809,2.4088647852974874
26479970,2.4089071046003228
26568561,2.408908892739879
26659118,2.408902932274691
26749431,2.4089017401816535
26839494,2.4089017401816535
26929272,2.4089017401816535
27018269,2.408897567856022
27108391,2.408910084832917
27199533,2.4088951836699466
27288138,2.408905912507285
27379062,2.4088987599490594
27469027,2.4089047204142475
27559402,2.4088892232047585
27649677,2.408896971809503
27739812,2.408896971809503
27829706,2.4088886271582397
27918919,2.4088856469256457
28009126,2.408831406692434
28100434,2.4088451157623667
28189686,2.408915449251586
28280066,2.408840943436735
28370497,2.4088790904139388
28460772,2.4088361750645846
28550735,2.4088427315762915
28639899,2.408837367157622
28730174,2.4088516722740736
28821495,2.4088248501807272
28910262,2.408837963204141
29000521,2.4088427315762915
29090779,2.4088451157623667
29180904,2.408829022506359
29270803,2.4088457118088855
29360059,2.408875514134826
29450458,2.4088367711111034
29541706,2.4088302145993965
29630851,2.4088397513436974
29721665,2.408834386925028
29830127,2.408837367157622
29920304,2.4088433276228103
30010191,2.4088337908785094
30100461,2.4088767062278635
30191142,2.4088361750645846
30282789,2.4088403473902162
30371830,2.4088480959949607
30462472,2.4088391552971786
30553069,2.408834386925028
30643435,2.4088302145993965
30733541,2.4088206778550956
30822887,2.4088308106459153
30913419,2.408829022506359
31004944,2.4088272343668025
31093874,2.4088731299487507
31184608,2.40899353134555
31275191,2.408875514134826
31365657,2.4089071046003228
31455793,2.4088677655300814
31545169,2.4088832627395704
31635687,2.4088761101813447
31727218,2.408868957623119
31816168,2.408865977390525
31906759,2.408865381344006
31997238,2.4088713418091943
32087576,2.408865381344006
32177620,2.4088576327392617
32266964,2.40885346041363
32357589,2.4088892232047585
32449239,2.4088802825069764
32539887,2.408871937855713
32630762,2.408857036692743
32721533,2.408803988552569
32812786,2.408816505529464
32903818,2.40881352529687
32993166,2.408806372738644
33083401,2.40880339250605
33175680,2.40881352529687
33265485,2.4088147173899075
33356154,2.4088266383202837
33446536,2.408801008319975
33537708,2.408812929250351
33628790,2.4088022004130125
33718289,2.4089071046003228
33808599,2.4088057766921254
33900981,2.408856440646224
33990813,2.4088671694835626
34081328,2.4088212739016144
34180168,2.408868957623119
34289486,2.408819485762058
34385636,2.4090036641363697
34481354,2.4088200818085768
34574498,2.4090316783227537
34667510,2.408840943436735
34758331,2.4087843190174483
34849447,2.4089458476240453
34938689,2.4088016043664937
35028548,2.408781934831373
35121323,2.4088582287857805
35211075,2.408787895296561
35301436,2.4087998162269373
35391873,2.408782530877892
35482918,2.408779550645298
35574908,2.40877835855226
35664976,2.408787895296561
35757019,2.408787895296561
35846652,2.408829022506359
35938734,2.4088141213433887
36028379,2.4088248501807272
36118647,2.4088331948319905
36208441,2.408822465994652
36299283,2.40882842645984
36390197,2.408818889715539
36479569,2.408834982971547
36571447,2.408821869948133
36661004,2.4088087569247194
36751369,2.4088141213433887
36841146,2.408810545064276
36932969,2.4088141213433887
37022702,2.408821869948133
37113516,2.408809352971238
37205056,2.4088683615766002
37294438,2.4088236580876896
37384419,2.4088242541342084
37476618,2.4087902794826364
37568558,2.4087837229709295
37658365,2.4087801466918166
37749082,2.408775974366185
37839743,2.408775378319666
37930706,2.4087765704127038
38021428,2.4088117371573134
38110524,2.408770013900997
38200296,2.408759881110177
38292677,2.4087688218079593
38382807,2.4087867032035235
38472962,2.408792067622193
38563628,2.4087741862266285
38654621,2.4087831269244107
38785238,2.408784915063967
38877906,2.4087771664592226
38969471,2.4087062369234844
39059055,2.408785511110486
39150769,2.408781934831373
39240116,2.408781934831373
39330253,2.4087807427383354
39420169,2.4087735901801097
39511460,2.4087765704127038
39600396,2.4087741862266285
39692266,2.408772994133591
39785606,2.40869848831874
39876364,2.4087712059940345
39967998,2.4087718020405533
40057460,2.4087688218079593
40148776,2.408936906926263
40238538,2.4087741862266285
40329204,2.408772994133591
40420154,2.4087706099475157
40511057,2.408775378319666
40602809,2.4088153134364263
40692239,2.4088153134364263
40782308,2.408806372738644
40871624,2.408810545064276
40961613,2.4088123332038323
41052883,2.4088057766921254
41143385,2.4088081608782006
41233306,2.4087992201804185
41324317,2.40881352529687
41415397,2.4087956439013056
41506641,2.4088081608782006
41598751,2.408800412273456
41688737,2.4089077006468416
41779363,2.408807564831682
41869345,2.408807564831682
41961283,2.4087992201804185
42051216,2.408806372738644
42142047,2.408798028087381
42233004,2.408797432040862
42322357,2.4087676297149216
42412519,2.4087580929706207
42504003,2.408764053435809
42594425,2.408756900877583
42684361,2.4087676297149216
42775185,2.4087586890171395
42866079,2.408760477156696
42957175,2.4087586890171395
43048046,2.4087557087845455
43137566,2.4087682257614405
43227759,2.4087682257614405
43319998,2.408807564831682
43431131,2.408757496924102
43521874,2.40881352529687
43612077,2.408744383900688
43703172,2.4087992201804185
43794246,2.408809949017757
43883684,2.408754516691508
43973816,2.408806372738644
44066075,2.4088057766921254
44155970,2.408922005763293
44246723,2.408794451808268
44336809,2.408782530877892
44427818,2.4087372313424624
44518748,2.408792067622193
44608042,2.408798028087381
44699276,2.408866573437044
44791021,2.4087461720402445
44881731,2.408744383900688
44971921,2.4087408076215753
45063283,2.4087366352959436
45157279,2.4089106808794356
45249748,2.4087801466918166
45340391,2.408798028087381
45432601,2.4087992201804185
45525387,2.4087121973886725
45616088,2.408775974366185
45706027,2.408775378319666
45796773,2.408782530877892
45886915,2.408787895296561
45977998,2.408772398087072
46069072,2.408772398087072
46158828,2.408770013900997
46249267,2.408801008319975
46341724,2.4087741862266285
46431699,2.4087837229709295
46522473,2.4087712059940345
46612627,2.4087735901801097
46704125,2.4087801466918166
46795259,2.408772398087072
46884754,2.4087372313424624
46974976,2.4087241183190486
47067211,2.4087247143655675
47157126,2.408728886691199
47247806,2.408756900877583
47338160,2.408722926226011
47429348,2.408716965760823
47520507,2.4087276945981615
47609934,2.4087157736677853
47700486,2.4088123332038323
47793061,2.40872352227253
47883115,2.4087175618073418
47973954,2.4087181578538606
48064051,2.408716369714304
48175183,2.4087175618073418
48266263,2.408713985528229
48355679,2.408734847156387
48445800,2.40872352227253
48537937,2.40872352227253
48627702,2.408719349946898
48718269,2.408716369714304
48808302,2.4087151776212665
48899180,2.4087157736677853
48990108,2.408705044830447
49079522,2.4087181578538606
49169915,2.408722330179492
49262426,2.408716965760823
49352373,2.4087175618073418
49443039,2.40871338948171
49533020,2.4087145815747477
49623910,2.408722330179492
49714989,2.408722926226011
49804371,2.40872352227253
49894365,2.4087127934351913
49986408,2.4087592850636583
50076327,2.4087521325054326
50169015,2.408924985995887
50262126,2.408865977390525
50355747,2.4089667092522036
50478318,2.4090602885556565
50582630,2.4089458476240453
50676075,2.4089267741354434
50768540,2.4088171015759827
50859817,2.408750940412395
50949993,2.408741999714613
51041248,2.408747364133282
51133668,2.4087497483193574
51224739,2.408760477156696
51316078,2.408762861342771
51405683,2.4087467680867634
51495827,2.4087467680867634
51587934,2.4086996804117775
51677944,2.4087086211095596
51768435,2.4086961041326647
51858521,2.4087121973886725
51949449,2.4087020645978527
52040363,2.4086907397139954
52129710,2.408697892272221
52220123,2.4087300787842367
52312410,2.4086943159931082
52402271,2.408708025063041
52492783,2.4086961041326647
52583043,2.408685971341845
52692793,2.408697892272221
52820568,2.4086972962257023
52910600,2.4087026606443716
53000473,2.4086996804117775
53092378,2.4086931239000706
53182016,2.408700872504815
53272411,2.408697892272221
53362512,2.4087300787842367
53453419,2.408694912039627
53544237,2.4086877594814013
53633537,2.408700872504815
53723890,2.408722330179492
53815962,2.408685375295326
53905598,2.4086865673883637
53995962,2.4086817990162133
54085809,2.4086931239000706
54176548,2.4086901436674766
54267313,2.4086961041326647
54356698,2.4087086211095596
54446697,2.4086961041326647
54538620,2.4086812029696945
54628365,2.4087467680867634
54722368,2.4087336550633496
54811785,2.408739019482019
54901742,2.408731866923793
54991319,2.4087330590168308
55084338,2.4087372313424624
55176209,2.408913065065511
55265246,2.4087372313424624
55355002,2.4087270985516427
55446777,2.408722330179492
55536241,2.408719349946898
55626227,2.4087151776212665
55715904,2.4087276945981615
55806454,2.408722926226011
55896930,2.408713985528229
55985842,2.4087157736677853
56075442,2.4087282906446803
56167132,2.4087062369234844
56256511,2.4086812029696945
56346574,2.408676434597544
56436217,2.40867345436495
56526742,2.4086835871557697
56617253,2.4086651097136866
56706555,2.408754516691508
56796219,2.4086740504114688
56887969,2.408676434597544
56977296,2.40867345436495
57067305,2.4086740504114688
57156829,2.408679414830138
57247414,2.4086716662253935
57346750,2.408682991109251
57449693,2.4086782227371004
57539907,2.4086710701788747
57636649,2.4085727225032714
57726007,2.4086895476209578
57816047,2.4086937199465894
57905617,2.408675838551025
57996097,2.4086657057602054
58086630,2.408692527853552
58175806,2.4086746464579876
58265535,2.408676434597544
58357336,2.4086937199465894
58446783,2.408679414830138
58536897,2.4086692820393183
58626432,2.4086680899462807
58716957,2.4086782227371004
58808923,2.4086806069231756
58899448,2.4086663018067243
58989914,2.408676434597544
59078748,2.408677030644063
59169183,2.4086812029696945
59258025,2.408682991109251
59347707,2.4087181578538606
59439493,2.4087062369234844
59528819,2.4087187539003794
59618874,2.408716965760823
59708918,2.4087896834361175
59799557,2.4087098132025972
59890139,2.4087020645978527
59979039,2.408711005295635
60068598,2.408704448783928
60161829,2.4087312708772743
60251363,2.4087121973886725
60341550,2.4087145815747477
60431170,2.408710409249116
60521662,2.408711005295635
60612155,2.4087151776212665
60701097,2.4087086211095596
60790629,2.4087187539003794
60882244,2.4086990843652587
60971617,2.4086651097136866
61061572,2.408651400643754
61151474,2.408660341341536
61242183,2.4086585532019797
61332922,2.408654976922867
61422138,2.4086561690159045
61511904,2.4086508045972352
61603876,2.408654976922867
61693390,2.408664513667168
61783512,2.4086502085507164
61873213,2.4086531887833105
61982061,2.4086472283181224
62073695,2.40864842041116
62162745,2.4086663018067243
62252459,2.408660937388055
62344382,2.4086496125041976
62434031,2.408649016457679
62524280,2.4086436520390095
62613997,2.4086430559924907
62704857,2.4087777625057414
62821389,2.4086537848298293
62910485,2.408654976922867
63000211,2.408641863899453
63092104,2.4086591492484986
63181581,2.4086508045972352
63271696,2.408644844132047
63361535,2.408672858318431
63452372,2.408649016457679
63543064,2.4086525927367917
63632106,2.408649016457679
63721798,2.4086400757598967
63813595,2.4086436520390095
63903103,2.4086430559924907
63993328,2.408645440178566
64083082,2.408675838551025
64174233,2.408691931807033
64265046,2.408695508086146
64354321,2.40868835552792
64444196,2.408691931807033
64536068,2.408685375295326
64625561,2.408691931807033
64715742,2.4086847792488073
64805453,2.4086847792488073
64896153,2.408682991109251
64986819,2.4086806069231756
65076024,2.408680010876657
65167834,2.40874855622632
65259899,2.408660937388055
65349476,2.408677030644063
65439684,2.4086907397139954
65529286,2.4086710701788747
65619800,2.408626366689964
65710731,2.4087145815747477
65799776,2.408632327155152
65923352,2.4086257706434453
66015239,2.4086353073877462
66104587,2.40863351924819
66194656,2.4086376915738215
66284271,2.4086341152947086
66394454,2.408626962736483
66485990,2.408632923201671
66574861,2.4086382876203403
66664353,2.40863351924819
66756034,2.4086347113412274
66845368,2.408629942969077
66935414,2.408632923201671
67024992,2.408639479713378
67115479,2.4086275587830017
67206086,2.4087616692497336
67295242,2.4086353073877462
67384976,2.408632923201671
67476673,2.4086287508760393
67566014,2.4086353073877462
67656054,2.40863351924819
67745701,2.4086317311086334
68935536,2.408524442735248
69027523,2.4086746464579876
69117868,2.4086663018067243
69208258,2.4086746464579876
69297111,2.408672858318431
69390709,2.408667493899762
69481228,2.408669878085837
69571693,2.4086746464579876
69660583,2.4086776266905816
69750171,2.408682395062732
69841884,2.4086710701788747
69931224,2.4086722622719123
70021281,2.4086651097136866
70111129,2.408685971341845
70202914,2.4088957797164654
70294209,2.408626962736483
70383318,2.4086281548295205
70472958,2.408626962736483
70564728,2.4086061011083246
70654118,2.4086281548295205
70744283,2.4086281548295205
70833841,2.408619810178257
70924321,2.4086192141317384
71014845,2.408610869480475
71103723,2.408621002271295
71193281,2.408620406224776
71284855,2.4086096773874375
71374763,2.4086186180852196
71464955,2.408617425992182
71554525,2.408621002271295
71645151,2.4086156378526256
71736098,2.4086215983178136
71825132,2.4086150418061067
71914754,2.4086162338991444
72006423,2.408610869480475
72095733,2.408617425992182
72185805,2.408618022038701
72275365,2.4086215983178136
72374373,2.408621002271295
72484472,2.4086066971548434
72573323,2.4086192141317384
72662856,2.408618022038701
72754496,2.4086156378526256
72843824,2.4086072932013622
72933922,2.4086031208757306
73023495,2.408604312968768
73113961,2.4086132536665503
73204785,2.4087563048310643
73293954,2.4086412678529343
73383727,2.40864842041116
73475413,2.408664513667168
73564759,2.4086430559924907
73654882,2.408657957155461
73744431,2.4086412678529343
73834944,2.408657361108942
73925494,2.4086597452950174
74014402,2.408644844132047
74103961,2.4086436520390095
74195648,2.4086400757598967
74284994,2.4086555729693857
74375341,2.4086537848298293
74465017,2.408649016457679
74555540,2.408641863899453
74646126,2.408651400643754
74735332,2.4086084852944
74824997,2.408601928782693
74916682,2.408613849713069
75005972,2.4085947762244673
75096024,2.4085977564570613
75187613,2.408756900877583
75278415,2.408595968317505
75369032,2.4086251745969265
75458099,2.4085965643640237
75547670,2.408601332736174
75639343,2.4085876236662416
75728736,2.4086007366896554
75818937,2.408592392038392
75908588,2.408595968317505
75999179,2.4085870276197228
76089687,2.4085965643640237
76179224,2.4085935841314297
76268968,2.408590007852317
76360839,2.4086281548295205
76450356,2.4086061011083246
76540393,2.408589411805798
76630030,2.4085882197127604
76720565,2.4086037169222494
76811083,2.408592392038392
76899974,2.4085852394801663
76997756,2.408589411805798
77102745,2.4085906038988356
77192123,2.408592988084911
77282159,2.4085917959918732
77371772,2.408610869480475
77462428,2.4085917959918732
77552976,2.408592988084911
77642077,2.408598948550099
77732166,2.408620406224776
77823984,2.4086412678529343
77913333,2.4086305390155958
78003371,2.4086376915738215
78092929,2.40863351924819
78183361,2.408629942969077
78273866,2.4086341152947086
78362834,2.4086686859927995
78452499,2.4086251745969265
78544152,2.408623982503889
78633494,2.4086341152947086
78723570,2.4086347113412274
78813133,2.408621002271295
78903585,2.408610869480475
78994145,2.4086221943643324
79082938,2.4086215983178136
79172692,2.4086376915738215
79264524,2.408621002271295
79354044,2.408626962736483
79444219,2.408586431573204
79533771,2.4085780869219406
79624285,2.408579875061497
79714773,2.408573914596309
79803658,2.4085691462241585
79893192,2.4085751066893466
79984797,2.4085757027358654
80074074,2.4085751066893466
80165395,2.408649016457679
80255323,2.408576894828903
80345882,2.4085840473871287
80436456,2.4085840473871287
80525280,2.4085792790149783
80614797,2.4085751066893466
80706820,2.4086537848298293
80796269,2.40857331854979
80886321,2.4085721264567526
80975877,2.4085685501776397
81066339,2.4085667620380833
81156778,2.4085691462241585
81245695,2.4085757027358654
81358744,2.4086102734339563
81450454,2.4085751066893466
81539741,2.4085757027358654
81650086,2.4084976206419015
81739794,2.40855841738682
81844963,2.4085530529681507
81934545,2.4085685501776397
82023448,2.408582855294091
82113087,2.4085625897124516
82205110,2.4086162338991444
82294660,2.4085685501776397
82384846,2.4085727225032714
82474425,2.4086061011083246
82564902,2.408605505061806
82655277,2.408610869480475
82744079,2.408618022038701
82833588,2.4086061011083246
82924912,2.408613849713069
83015222,2.4086066971548434
83105126,2.408604909015287
83195948,2.40859835250358
83286726,2.4086090813409187
83376261,2.4086066971548434
83466234,2.408604909015287
83558187,2.4086084852944
83648014,2.4086084852944
83738732,2.408632327155152
83828825,2.4086061011083246
83919685,2.4086084852944
84010572,2.408595968317505
84099784,2.4085941801779485
84189697,2.408552456921632
84281722,2.4085482845960002
84371545,2.408577490875422
84462112,2.4085506687820755
84552041,2.408552456921632
84642877,2.4085500727355567
84733688,2.4085470925029626
84822867,2.4085435162238498
84912782,2.408545900409925
85004776,2.408549476689038
85094506,2.408539939944737
85188579,2.4086466322716036
85278728,2.4085405359912557
85369643,2.4085846434336475
85460586,2.408548880642519
85549813,2.408545304363406
85639745,2.408545900409925
85731805,2.408536959712143
85821492,2.4085470925029626
85911923,2.4085530529681507
86001825,2.4085447083168874
86092691,2.4085476885494814
86183509,2.408539343898218
86294485,2.408530999246955
86384765,2.4085506687820755
86476701,2.4085315952934736
86566320,2.408533979479549
86656692,2.408533979479549
86746869,2.4085810671545347
86837800,2.408542920177331
86928664,2.408542920177331
87017868,2.408533979479549
87107702,2.4085321913399924
87199764,2.4085876236662416
87289405,2.4085816632010535
87380239,2.4085786829684595
87470186,2.4085852394801663
87561003,2.408567358084602
87651820,2.408579875061497
87741064,2.40857331854979
87830926,2.4085715304102338
87922841,2.408586431573204
88012568,2.4085792790149783
88102890,2.4085816632010535
88193125,2.408574510642828
88284066,2.4085727225032714
88375212,2.4085697422706773
88464539,2.408576894828903
88554440,2.4085685501776397
88646464,2.408576298782384
88736117,2.408582855294091
88826534,2.4085321913399924
88916404,2.4085250387817667
89007215,2.4085220585491727
89097999,2.408530403200436
89187209,2.408524442735248
89277027,2.4085286150608796
89369060,2.408567954131121
89458827,2.4085202704096162
89549207,2.4085292111073984
89639046,2.4085321913399924
89730661,2.408530403200436
89821666,2.4085232506422103
89910887,2.4085226545956915
90000724,2.4085262308748043
90092562,2.408530999246955
90185642,2.408613849713069
90276192,2.4085226545956915
90366147,2.4085566292472635
90457097,2.4085292111073984
90547936,2.4085220585491727
90637144,2.408520866456135
90727099,2.408530999246955
90819041,2.408511925758353
90928795,2.408529807153917
91019218,2.4085160980839846
91109084,2.408530999246955
91200154,2.408505965293165
91291202,2.4085292111073984
91380785,2.4085190783165786
91470717,2.408524442735248
91562740,2.408527422967842
91652437,2.408514309944428
91742847,2.408514309944428
91832754,2.4085250387817667
91923641,2.4085596094798576
92014381,2.4085691462241585
92103633,2.408567954131121
92193547,2.4085637818054892
92285567,2.4085536490146695
92375495,2.408561397619414
92465962,2.408560801572895
92555891,2.4085572252937824
92646911,2.4085655699450457
92738430,2.4085947762244673
92827767,2.4085572252937824
92917680,2.4085637818054892
93009613,2.4085721264567526
93099824,2.4085536490146695
93190293,2.4085417280842933
93280176,2.4085560332007447
93371101,2.4085935841314297
93462106,2.408551860875113
93551418,2.408505369246646
93641424,2.4084982166884203
93733574,2.4085381518051805
93823294,2.408502389014052
93913655,2.4085071573862025
94003593,2.4085381518051805
94094452,2.4085107336653153
94185731,2.4085417280842933
94275129,2.4085697422706773
94365993,2.4085810671545347
94458071,2.408505965293165
94547753,2.4085160980839846
94638101,2.4085131178513906
94727959,2.408515502037466
94818930,2.408502985060571
94909841,2.40850834947924
94999035,2.4085071573862025
95142358,2.408502389014052
95236521,2.408682395062732
95326453,2.408505369246646
95416985,2.4085071573862025
95506894,2.4085095415722777
95597759,2.408499408781458
95689056,2.408508945525759
95778382,2.4085035811070896
95868326,2.408502985060571
95960243,2.4085035811070896
96049920,2.4085006008744956
96140329,2.408501792967533
96230183,2.408499408781458
96321078,2.408502389014052
96411964,2.4085137138979094
96504571,2.4084952364558263
96596158,2.408502389014052
96685385,2.4085447083168874
96775290,2.4085417280842933
96864685,2.408536959712143
96955081,2.4085381518051805
97045464,2.4085447083168874
97134196,2.4085411320377745
97223747,2.408664513667168
97315546,2.4085482845960002
97404887,2.4085387478516993
97494841,2.408533979479549
97584274,2.408539939944737
97674649,2.4085345755260676
97764988,2.4085435162238498
97853730,2.408536959712143
97943136,2.408539939944737
98034703,2.408545900409925
98123843,2.408514309944428
98213681,2.4085000048279768
98303145,2.408486295758044
98393646,2.4085506687820755
98484030,2.4085387478516993
98572790,2.408487487851082
98662267,2.4085387478516993
98754042,2.408576298782384
98843354,2.4084982166884203
98933277,2.40849344831627
99022638,2.4084910641301946
99112885,2.4084916601767135
99203234,2.40848331552545
99291998,2.4084892759906382
99381725,2.408490468083676
99473324,2.4084856997115254
99562657,2.4084886799441194
99673084,2.4084845076184878
99762832,2.408477355060262
99853349,2.4084821234324125
99943828,2.4084755669207056
100032739,2.408471990641593
100122413,2.4084827194789313
100215424,2.408685971341845
100305212,2.4084797392463373
100395544,2.408490468083676
100485188,2.408483911571969
100575730,2.408480931339375
100666349,2.408471990641593
100755361,2.4084827194789313
100844967,2.408486295758044
100936831,2.4084845076184878
101026254,2.408474970874187
101116322,2.4084690104089987
101205965,2.408521462502654
101296581,2.4085250387817667
101387322,2.408514905990947
101476261,2.408517290177022
101565893,2.4085065613396837
101657751,2.4085256348282855
101747446,2.4085542450611883
101837659,2.408514309944428
101927264,2.4085190783165786
102017821,2.4085107336653153
102108343,2.4085160980839846
102197261,2.4085131178513906
102286860,2.408501792967533
102378817,2.4085137138979094
102468288,2.408498812734939
102558410,2.4085077534327213
102648011,2.408505369246646
102738588,2.408455301339066
102829093,2.4084570894786226
102918013,2.4084690104089987
103007592,2.408462453897292
103099303,2.4084630499438107
103194823,2.4084606657577354
103285102,2.4084660301764047
103375177,2.4084535131995097
103465844,2.408461857850773
103556398,2.408459473664698
103645342,2.4084570894786226
103735024,2.408465434129886
103826763,2.408449340873878
103916133,2.40846841436248
104006136,2.408464838083367
104104166,2.408446956687803
104214867,2.408452321106472
104305588,2.4084570894786226
104394650,2.408455897385585
104484315,2.4084696064555176
104575973,2.4084600697112166
104665411,2.4084612618042542
104755782,2.4084970245953827
104845471,2.408452321106472
104936049,2.4084517250599533
105026566,2.408449936920397
105115580,2.408459473664698
105206504,2.408586431573204
105298678,2.4084517250599533
105388315,2.408434439710908
105478385,2.408462453897292
105567994,2.4084481487808405
105658514,2.4084576855251414
105749204,2.408495832502345
105838145,2.4084940443627887
105927875,2.408499408781458
106019578,2.40849344831627
106109013,2.4084880838976006
106199718,2.40849344831627
106289259,2.4084946404093075
106379955,2.4084761629672244
106470356,2.408492852269751
106564434,2.4083956966871853
106654857,2.4084630499438107
106746374,2.4084886799441194
106835518,2.4084880838976006
106925375,2.4084856997115254
107014731,2.4084946404093075
107105064,2.4084856997115254
107195383,2.4084851036650066
107284067,2.408489872037157
107373905,2.4084421883156524
107465478,2.4084541092460285
107554622,2.408442784362171
107644398,2.4084475527343217
107734215,2.4085160980839846
107824683,2.408455897385585
107915116,2.408443976455209
108003855,2.4084457645947652
108093198,2.40850834947924
108184723,2.4084392080830583
108273835,2.4084409962226148
108363785,2.408471394595074
108453252,2.408443976455209
108543502,2.4084386120365395
108633890,2.408449340873878
108742767,2.4084350357574267
108832489,2.4084332476178703
108943257,2.408433843664389
109032983,2.4084421883156524
109122791,2.408427883199201
109212506,2.4084350357574267
109303032,2.408427287152682
109393483,2.408439804129577
109482205,2.40844338040869
109571547,2.4084409962226148
109664664,2.4084320555248326
109755179,2.408437419943502
109845191,2.4084290752922386
109936190,2.4084362278504643
110027192,2.4084296713387574
110116562,2.408434439710908
110209658,2.408405829478005
110302182,2.4084231148270505
110392192,2.408427287152682
110482834,2.4084690104089987
110572887,2.408470798548555
110664038,2.4084785471532997
110755299,2.4085131178513906
110844826,2.408474374827668
110934971,2.408471990641593
111027167,2.4084636459903295
111116988,2.4084636459903295
111207600,2.4084612618042542
111297810,2.4084600697112166
111388996,2.4084642420368483
111480101,2.408473778781149
111569560,2.408461857850773
111659609,2.408474970874187
111751805,2.4084600697112166
111841650,2.4084564934321038
111932220,2.40845828157166
112022324,2.408462453897292
112113380,2.408406425524524
112204667,2.408421326687494
112294381,2.408414770175787
112384675,2.408424306920088
112476867,2.408412385989712
112576498,2.408408809710599
112670906,2.408408809710599
112761648,2.4084225187805317
112852658,2.408399272966298
112943726,2.4084100018036367
113033077,2.408408809710599
113123138,2.408412385989712
113215274,2.408414770175787
113305218,2.408408809710599
113473747,2.408411789943193
113564146,2.408411789943193
113655517,2.4084171543618624
113747538,2.4084332476178703
113837121,2.4084141741292684
113927446,2.408408809710599
114019783,2.4084082136640803
114109771,2.408415366222306
114200293,2.4084076176175615
114290578,2.408408809710599
114382160,2.40839331250111
114473348,2.4084016571523734
114562783,2.4084052334314863
114653079,2.4083951006406665
114745423,2.4084016571523734
114835547,2.4084052334314863
114926959,2.408418942501419
115016530,2.4084165583153436
115108878,2.408402849245411
115206670,2.408436823896983
115300079,2.4084380159900207
115391108,2.4084517250599533
115481657,2.4084392080830583
115573174,2.408439804129577
115664618,2.408446360641284
115754339,2.4084487448273593
115844852,2.4084475527343217
115937456,2.4084415922691336
116027677,2.408452321106472
116118530,2.408443976455209
116209224,2.4084392080830583
116300859,2.408434439710908
116392404,2.4084380159900207
116482137,2.408433843664389
116572669,2.408434439710908
116665487,2.408430863431795
116755829,2.4084755669207056
116846643,2.40839331250111
116937002,2.4083927164545913
117028243,2.4083986769197794
117119409,2.4083885441289596
117208931,2.4083927164545913
117299331,2.4083951006406665
117391951,2.408390928315035
117482036,2.4083915243615537
117572690,2.408383775756809
117663034,2.4083915243615537
117754302,2.4083861599428844
117845467,2.4083951006406665
117934996,2.408396292733704
118025345,2.40839331250111
118138095,2.408386755989403
118228603,2.408548880642519
118319827,2.408384967849847
118410498,2.4083742390125082
118501991,2.408383775756809
118593379,2.408384967849847
118683102,2.408377815291621
118773599,2.4083897362219973
118866225,2.408380795524215
118956494,2.408387948082441
119047298,2.4083861599428844
119137819,2.408386755989403
119229291,2.408387948082441
119320793,2.4083885441289596
119410610,2.408372450872952
119501162,2.4083790073846587
119593893,2.408372450872952
119684486,2.4083951006406665
119775775,2.4083897362219973
119866440,2.408384371803328
119958006,2.4084141741292684
120049396,2.408430267385276
120139344,2.4084231148270505
120230951,2.4085816632010535
120323828,2.4084260950596446
120414208,2.408421326687494
120505127,2.4084201345944565
120595674,2.4084135780827496
120687178,2.4084296713387574
120778626,2.408421922734013
120868369,2.408409405757118
120958998,2.4084105978501555
121051672,2.4084082136640803
121141930,2.408408809710599
121233089,2.40853338343303
121323860,2.4083980808732606
121415479,2.4084105978501555
121506801,2.4084260950596446
121596540,2.4083790073846587
121687092,2.408374835059027
121779744,2.4083664904077637
121869979,2.40836827854732
121960777,2.4083641062216885
122051292,2.408365894361245
122142766,2.4083700666868766
122234147,2.408365894361245
122323982,2.4083676825008014
122414655,2.408371258779914
122507305,2.40836827854732
122597528,2.408369470640358
122688710,2.4083670864542825
122818985,2.408368874593839
122911732,2.4083676825008014
123000749,2.4083700666868766
123090470,2.4083581457565004
123181456,2.4083575497099816
123269980,2.4083575497099816
123360273,2.4083951006406665
123450137,2.408362318082132
123539961,2.40836827854732
123629711,2.4083641062216885
123718673,2.4083551655239064
123808394,2.408356357616944
123899373,2.40836827854732
123987965,2.408365298314726
124078090,2.4083664904077637
124167968,2.4083551655239064
124258194,2.408399272966298
124348239,2.40836827854732
124437329,2.408372450872952
124527081,2.408356953663463
124618051,2.4084022531988922
124706678,2.4084052334314863
124796861,2.4084040413384487
124886600,2.4084076176175615
124976431,2.4084022531988922
125066222,2.4083986769197794
125155401,2.4083986769197794
125245769,2.408588815759279
125336808,2.4084082136640803
125425363,2.4083956966871853
125515360,2.4084010611058546
125604915,2.4084016571523734
125694755,2.4083956966871853
125784533,2.4083927164545913
125873432,2.408399272966298
125963039,2.4083956966871853
126053855,2.408393908547629
126142276,2.40839331250111
126232274,2.4083980808732606
126321948,2.408344436686568
126411706,2.408352781337831
126501263,2.4083551655239064
126590086,2.408340264360936
126679587,2.408350397151756
126770378,2.408340264360936
126858768,2.4083521852913123
126948761,2.4083492050587183
127038306,2.4083462248261243
127127894,2.4083456287796055
127217609,2.408337284128342
127327164,2.4083486090121995
127416990,2.408346820872643
127507800,2.408343840640049
127596184,2.4083450327330866
127686124,2.408340860407455
127775676,2.408337284128342
127865277,2.408337284128342
127954841,2.4083450327330866
128043639,2.408337880174861
128133132,2.408331919709673
128223955,2.4083337078492293
128312543,2.4083420525004926
128402626,2.4083396683144174
128492140,2.408334303895748
128581732,2.408340860407455
128671380,2.4083384762213798
128760478,2.4083766231985835
128850138,2.408344436686568
128940956,2.4083307276166352
129029352,2.408321786918853
129119321,2.4083307276166352
129208824,2.408337284128342
129298521,2.408346820872643
129388204,2.4083766231985835
129477060,2.408365298314726
129566582,2.408371854826433
129657297,2.408380795524215
129745667,2.408372450872952
129835668,2.40837841133814
129925180,2.4083742390125082
130014814,2.408365894361245
130104391,2.4083700666868766
130193930,2.4083736429659894
130285069,2.408552456921632
130376286,2.4083801994776963
130464763,2.4083676825008014
130554654,2.408372450872952
130644187,2.40836827854732
130733859,2.4083509931982747
130823466,2.408372450872952
130912297,2.40831344226759
131001813,2.408312250174552
131092597,2.4083182106397403
131180930,2.4083271513375224
131270827,2.4083146343606274
131360424,2.4083551655239064
131450162,2.408315826453665
131539776,2.4083229790118907
131628553,2.408319402732778
131718254,2.40832834343056
131809082,2.4083235750584095
131917407,2.4083116541280334
132007372,2.408316422500184
132096859,2.408318806686259
132186429,2.408322382965372
132275950,2.408322382965372
132364820,2.4083611259890945
132454424,2.408318806686259
132545200,2.408309269941958
132633547,2.408312846221071
132723543,2.4083146343606274
132813009,2.4083104620349958
132902589,2.4083205948258155
132992126,2.408319402732778
133080876,2.4083146343606274
133170615,2.40831344226759
133261949,2.4083545694773876
133350523,2.4083199987792967
133441021,2.4083152304071462
133530536,2.408328939477079
133620117,2.4083235750584095
133709711,2.4083211908723343
133798473,2.4083152304071462
133887962,2.4083331118027105
133978795,2.4083706627333954
134067201,2.4083581457565004
134157184,2.4083509931982747
134246793,2.408365298314726
134336495,2.408356357616944
134426223,2.4083611259890945
134515033,2.408359933896057
134604578,2.4083611259890945
134695635,2.4083509931982747
134784134,2.4083611259890945
134874157,2.4083492050587183
134963765,2.4083486090121995
135053347,2.4083486090121995
135142855,2.4083509931982747
135233613,2.408399272966298
135323555,2.408362318082132
135414405,2.408352781337831
135502826,2.4083670864542825
135592821,2.408312846221071
135682352,2.4083056936628453
135771992,2.4083104620349958
135864211,2.408297945058101
135953815,2.408300925290695
136044596,2.408306885755883
136133039,2.4083104620349958
136252457,2.4084111938966744
136342509,2.4083086738954393
136432248,2.408309269941958
136521843,2.408296752965063
136610666,2.4083050976163265
136700202,2.408296752965063
136790928,2.4083056936628453
136879268,2.4082949648255068
136969250,2.4083015213372136
137058732,2.4082919845929127
137148382,2.4082991371511384
137237913,2.4083045015698077
137326794,2.4082955608720256
137416494,2.4083021173837325
137507273,2.408300925290695
137595593,2.408291388546394
137685687,2.4082949648255068
137775769,2.4083015213372136
137865446,2.408300329244176
137955034,2.408297945058101
138043784,2.4083027134302513
138133286,2.408300329244176
138224076,2.408293772732469
138312555,2.4082866201742434
138402717,2.4082955608720256
138491442,2.4082901964533563
138581102,2.4082866201742434
138670669,2.4083384762213798
138759442,2.408337880174861
138848980,2.408343840640049
138939859,2.408281255755574
139028250,2.408334303895748
139118196,2.408340860407455
139208192,2.408328939477079
139298069,2.408328939477079
139387859,2.4083170185467027
139476749,2.4083337078492293
139566316,2.4083295355235976
139657147,2.4083420525004926
139745463,2.4083235750584095
139835477,2.408327747384041
139925014,2.4083271513375224
140014629,2.4083295355235976
140104195,2.4083337078492293
140194655,2.4082884083138
140284986,2.4084237108735693
140376267,2.4082776794764613
140464774,2.408275891336905
140554777,2.4082764873834237
140654046,2.408272315057792
140763603,2.4083074818024017
140853308,2.408262778313491
140942133,2.4082746992438673
141031609,2.40826337436001
141122355,2.408278871569499
141210680,2.408272315057792
141300715,2.408272315057792
141390429,2.408284235988168
141480020,2.408272911104311
141569563,2.408268738778679
141658315,2.4082675466856416
141747820,2.4082609901739347
141838560,2.4082770834299425
141926971,2.4082776794764613
142016866,2.4082705269182356
142106413,2.408268738778679
142196298,2.408269334825198
142286021,2.408266354592604
142375135,2.408269334825198
142464773,2.40826337436001
142555482,2.408262778313491
142643849,2.4082681427321604
142733826,2.408265758546085
142823308,2.4082681427321604
142912856,2.4082681427321604
143002307,2.4082645664530475
143091100,2.408266354592604
143180655,2.4082901964533563
143271476,2.4083074818024017
143370844,2.408340860407455
143465072,2.408306289709364
143554598,2.4083152304071462
143644188,2.4083086738954393
143734201,2.4083211908723343
143823152,2.4083074818024017
143912686,2.408300925290695
144003441,2.4083104620349958
144091871,2.408306289709364
144181661,2.408300925290695
144271146,2.4083080778489205
144360798,2.4083486090121995
144450468,2.4082961569185444
144539266,2.4083027134302513
144628724,2.4083015213372136
144719421,2.4082955608720256
144807764,2.408291388546394
144897745,2.4082514534296338
144987215,2.4082520494761526
145076818,2.4082592020343783
145166363,2.4082520494761526
145276729,2.4084576855251414
145366675,2.4082901964533563
145457560,2.4082592020343783
145545954,2.408269334825198
145635914,2.408256817848303
145725473,2.4082460890109645
145815076,2.4082496652900773
145904670,2.4082460890109645
145993474,2.408247877150521
146083010,2.40825324156919
146173747,2.408253837615709
146262092,2.408241916685333
146352259,2.4082484731970397
146441914,2.4082526455226714
146531474,2.4082520494761526
146620966,2.4082490692435585
146709924,2.408244300871408
146799598,2.4082425127318516
146890427,2.4082425127318516
146978783,2.4082490692435585
147068770,2.408244300871408
147158271,2.408244896917927
147247831,2.408247281104002
147337407,2.408244300871408
147426390,2.4082490692435585
147515947,2.408247281104002
147606674,2.408241916685333
147695081,2.4082460890109645
147785073,2.4082437048248893
147874562,2.408240724592295
147964176,2.4082991371511384
148053784,2.4082961569185444
148142559,2.4082901964533563
148232395,2.4082866201742434
148323461,2.408278871569499
148412006,2.408281255755574
148501966,2.408284235988168
148591505,2.4082860241277246
148681143,2.4082955608720256
148774592,2.4082794676160177
148864151,2.4082806597090554
148955039,2.408278871569499
149043426,2.4082800636625366
149133500,2.4082806597090554
149223031,2.408275295290386
149312877,2.4082794676160177
149402585,2.4082866201742434
149491515,2.4082711229647544
149581150,2.4082359562201447
149672060,2.408240724592295
149761325,2.408241320638814
149871625,2.408234764127107
149961196,2.4082299957549567
150050793,2.408229399708438
150140389,2.408228803661919
150230936,2.408284832034687
150321583,2.408228803661919
150412773,2.408216882731543
150501456,2.4082174787780617
150591702,2.4082210550571745
150681466,2.408219862964137
150771361,2.4082299957549567
150861141,2.408229399708438
150950201,2.408225823429325
151039945,2.408231783894513
151130988,2.4082210550571745
151220068,2.4082234392432498
151310627,2.408231783894513
151400544,2.4082186708710993
151490457,2.408226419475844
151580238,2.4082204590106557
151669338,2.408216882731543
151759100,2.40821330645243
151850123,2.408204365754648
151938734,2.408225823429325
152028842,2.4082204590106557
152118574,2.4082216511036934
152208429,2.4082311878479943
152298333,2.408213902498949
152387552,2.4082270155223626
152477330,2.4082246313362874
152568363,2.4082216511036934
152657015,2.4082669506391228
152747349,2.4083045015698077
152837027,2.4082746992438673
152926719,2.4082645664530475
153016327,2.4082746992438673
153105123,2.40826337436001
153194637,2.4082580099413406
153285482,2.408266354592604
153374051,2.408266354592604
153464147,2.4082562218017842
153553703,2.408262778313491
153643540,2.408260394127416
153733283,2.4082794676160177
153822188,2.4082586059878595
153911947,2.4082681427321604
154003031,2.408272911104311
154091695,2.4082526455226714
154182150,2.4083027134302513
154272790,2.4082514534296338
154371389,2.408247877150521
154473094,2.4082085380802796
154562139,2.4082150945919865
154651906,2.408204365754648
154743073,2.408203769708129
154831793,2.4082156906385053
154922130,2.4082115183128736
155011906,2.4082049618011667
155101801,2.408219862964137
155192156,2.40821330645243
155282493,2.408390928315035
155372593,2.4082246313362874
155463730,2.4082121143593924
155552414,2.408207345987242
155642670,2.408210922266355
155732774,2.408209730173317
155822754,2.4082085380802796
155912649,2.4082049618011667
156001675,2.408204365754648
156091415,2.408213902498949
156182400,2.4082055578476855
156270986,2.408216882731543
156361185,2.408253837615709
156451051,2.4082079420337608
156540909,2.408207345987242
156630612,2.408204365754648
156719595,2.4082031736616103
156809315,2.4082025776150915
156900304,2.4082055578476855
156988893,2.408210922266355
157079126,2.4082019815685727
157168801,2.4082001934290163
157258830,2.408371854826433
157348859,2.408235360173626
157438010,2.4082454929644457
157549547,2.408234764127107
157640522,2.408232379941032
157729176,2.4082246313362874
157819300,2.40823834040622
157909002,2.4082359562201447
157998848,2.408238936452739
158088602,2.408238936452739
158177659,2.4082425127318516
158267399,2.408238936452739
158358544,2.408265758546085
158447289,2.4082299957549567
158537511,2.4082276115688814
158627265,2.408229399708438
158717321,2.4082216511036934
158807346,2.408240724592295
158896447,2.4081846962195272
158994489,2.40818827249864
159097332,2.408182312033452
159185925,2.408194829010347
159276092,2.408188868545159
159365909,2.408225227382806
159455816,2.40818827249864
159545588,2.4081876764521213
159634579,2.4081745634287075
159724261,2.4081775436613015
159815194,2.408182908079971
159903784,2.408188868545159
159993954,2.4081781397078204
160083684,2.408185888312565
160173566,2.408191252731234
160266235,2.4083354959887857
160356432,2.408182312033452
160446348,2.408195425056866
160537381,2.4081781397078204
160625986,2.408185888312565
160716270,2.408185888312565
160806092,2.4081739673821887
160895951,2.4081769476147827
160985745,2.4081721792426323
161074735,2.408170391103076
161164493,2.408178735754339
161255481,2.408182312033452
161344220,2.408185292266046
161434577,2.4081751594752263
161524286,2.408185292266046
161614116,2.4081900606381965
161704220,2.4081781397078204
161795853,2.4081775436613015
161888227,2.408191848777753
161976668,2.4082174787780617
162068277,2.4082282076154002
162162655,2.4081185350559395
162252314,2.4082234392432498
162341992,2.4082311878479943
162430937,2.408219266917618
162520417,2.4082079420337608
162611240,2.4082186708710993
162699649,2.408222247150212
162789693,2.4082150945919865
162879093,2.4082055578476855
162968735,2.4082049618011667
163058276,2.408222247150212
163147104,2.4082091341267984
163236862,2.408206749940723
163327942,2.408219266917618
163416480,2.4081680069170006
163526693,2.4081614504052937
163616137,2.4081709871495947
163705608,2.408169795056557
163795097,2.408157278079662
163883780,2.408163834591369
163973086,2.4081471452888423
164063635,2.4081650266844066
164151939,2.408169795056557
164241822,2.408176351568264
164331208,2.408176351568264
164420770,2.408163834591369
164510241,2.408163834591369
164598988,2.40816323854485
164688373,2.408160854358775
164779853,2.4081775436613015
164868565,2.40816323854485
164958534,2.4081721792426323
165047792,2.4081680069170006
165137214,2.4081560859866245
165227518,2.4081620464518125
165317346,2.408321786918853
165406773,2.40816323854485
165497460,2.408160258312256
165585759,2.4081686029635194
165675586,2.4081626424983313
165764873,2.4081620464518125
165854339,2.408166814823963
165943822,2.4081680069170006
166032572,2.408160258312256
166121862,2.4081644306378878
166212810,2.4081584701726997
166301460,2.408141780870173
166391521,2.4081590662192185
166480883,2.4082031736616103
166570389,2.4082061538942043
166659901,2.408197213196422
166748627,2.408207345987242
166837934,2.40818827249864
166928556,2.4082025776150915
167016863,2.4081966171499034
167106767,2.408197213196422
167196018,2.4082001934290163
167285482,2.408191252731234
167375249,2.4082031736616103
167464090,2.408200789475535
167553389,2.408203769708129
167644084,2.4081846962195272
167732862,2.408188868545159
167822840,2.4081990013359786
167912184,2.4082025776150915
168001637,2.4082085380802796
168110353,2.4081614504052937
168199100,2.4081566820331433
168288353,2.40814833738188
168379181,2.408154893893587
168467569,2.4081566820331433
168557507,2.408147741335361
168646825,2.4081614504052937
168736758,2.4081471452888423
168826159,2.4081495294749176
168914818,2.4081566820331433
169004098,2.4081501255214364
169094766,2.4081644306378878
169183100,2.40816323854485
169273419,2.4082216511036934
169362923,2.4081835041264896
169452504,2.4081525097075116
169542005,2.408153701800549
169630717,2.4081554899401056
169719979,2.408157278079662
169810560,2.408151913660993
169898840,2.4081554899401056
169988813,2.4081626424983313
170078104,2.4081590662192185
170167499,2.408147741335361
170257591,2.4082341680805883
170346646,2.408150721567955
170436060,2.4081596622657373
170526710,2.4081614504052937
170615067,2.408144761102767
170705027,2.4081471452888423
170794719,2.40817337133567
170884287,2.408153701800549
170973758,2.4081566820331433
171062431,2.408163834591369
171151693,2.4081465492423235
171242383,2.408197213196422
171330824,2.408197809242941
171420802,2.4081870804056025
171510125,2.408194232963828
171599544,2.4081930408707906
171689073,2.4081894645916777
171777761,2.4081835041264896
171867095,2.4081995973824974
171957809,2.408188868545159
172046118,2.4081906566847153
172136063,2.408191848777753
172225559,2.4081900606381965
172315291,2.408195425056866
172404927,2.408194829010347
172522579,2.4081876764521213
172629398,2.4081924448242717
172720107,2.40813820459106
172808339,2.4081370124980226
172898203,2.408151317614474
172987441,2.4081411848236542
173076798,2.408126879707203
173166160,2.4081405887771354
173254800,2.408135224358466
173344130,2.4081399927306166
173434895,2.4081411848236542
173523162,2.4081411848236542
173613013,2.4081399927306166
173702367,2.408132244125872
173792202,2.4081566820331433
173881823,2.4081370124980226
173972896,2.4081399927306166
174069367,2.408138800637579
174163959,2.408126879707203
174252221,2.4081274757537217
174342080,2.408139396684098
174431467,2.408132840172391
174520867,2.408132244125872
174610211,2.4081310520328345
174698872,2.408132840172391
174796350,2.408135224358466
175289193,2.408272911104311
175379694,2.4081370124980226
175469252,2.408136416451504
175558877,2.4081334362189097
175648604,2.4081405887771354
175741542,2.40810840226512
175831670,2.4081805238938956
175922419,2.408185292266046
176010930,2.408166218777444
176100901,2.4082282076154002
176190368,2.408222247150212
176280072,2.4082204590106557
176369794,2.408210922266355
176458853,2.408244300871408
176548386,2.4082401285457764
176639098,2.4081680069170006
176727832,2.4082240352897686
176818000,2.4081775436613015
176907534,2.408176351568264
176997232,2.408182908079971
177086806,2.4081739673821887
177175758,2.4081835041264896
177265270,2.4081244955211276
177356295,2.4081435690097295
177444888,2.408129859939797
177534970,2.408126879707203
177640841,2.408129263893278
177730503,2.40813820459106
177820102,2.4081125745907515
177909047,2.4081185350559395
177998538,2.4081221113350524
178089294,2.4081256876141652
178177770,2.4081221113350524
178267986,2.4082365522666636
178357670,2.4081584701726997
178447430,2.408120323195496
178536998,2.4081280718002405
178625774,2.4081274757537217
178715087,2.408126283660684
178805593,2.408132840172391
178893887,2.4081244955211276
178983745,2.408126879707203
179072981,2.4081244955211276
179162408,2.408138800637579
179251797,2.4081334362189097
179340663,2.4081316480793533
179430072,2.4081209192420148
179520592,2.4081256876141652
179608895,2.4081250915676464
179698980,2.4081280718002405
179790877,2.4081525097075116
179880476,2.4081185350559395
179969942,2.408122707381571
180061606,2.4081286678467593
180152538,2.408061314590134
180244025,2.4081250915676464
180333527,2.408275295290386
180423501,2.4081614504052937
180512807,2.4081644306378878
180602318,2.4081626424983313
180691782,2.4081691990100382
180780564,2.408160258312256
180869941,2.408154297847068
180960475,2.4081620464518125
181048814,2.4081584701726997
181138880,2.4081614504052937
181228397,2.4081489334283988
181318155,2.408167410870482
181407735,2.4081626424983313
181496492,2.408151913660993
181586005,2.4081644306378878
181676643,2.4081590662192185
181764992,2.4081554899401056
181854824,2.4081590662192185
181944156,2.4081620464518125
182033698,2.408104825986007
182130756,2.408107806218601
182231849,2.408117342962902
182321396,2.4081119785442326
182412800,2.408132840172391
182501750,2.408151317614474
182592072,2.4081435690097295
182681999,2.4081471452888423
182773425,2.4082550297087466
182863305,2.4081376085445414
182952444,2.408132840172391
183042399,2.4081560859866245
183133374,2.4081286678467593
183222095,2.4081334362189097
183312605,2.4081334362189097
183402300,2.4081370124980226
183492294,2.40813820459106
183582067,2.4081221113350524
183672558,2.408132840172391
183765466,2.408051777845833
183856451,2.408126879707203
183945032,2.4081346283119474
184035104,2.4081221113350524
184124598,2.408110786451195